1028
1762
1860
2072
2576
2894
2905
3405
3626
4541
4569
4574
4800
5113
5589
5876
6730
6796
6843
6894
7153
7405
7470
7793
8698
8966
9472
9781
10261
10482
10525
10675
10718
10932
11064
12201
12538
12553
13088
13188
13500
13503
14114
14474
14601
15839
15969
17123
17687
17977
18355
18601
18763
19075
19381
20197
20732
20841
21336
21636
21677
23188
23711
23726
23923
23977
23990
24175
24283
24633
24907
24979
25168
25237
25269
25554
25620
26372
26487
27019
27198
27455
29028
29262
29945
31968
32060
32074
32700
33031
33072
33218
33442
36857
37813
38003
38454
38969
39145
39619
40751
41303
42457
42518
42890
43393
43573
43645
43707
44716
46068
47936
48087
49693
50381
50933
51289
51697
51941
53057
53834
53880
54200
56685
57205
57832
58734
58802
59355
60371
60554
61076
61247
61755
62709
62791
63499
63794
64461
65419
66681
67160
67444
67903
69396
70135
70232
70618
72030
73526
74010
74408
75542
75725
76031
76282
76333
76422
76525
76858
78964
78983
80178
80451
80854
81257
83272
83633
83751
83763
84350
84417
84898
85641
87107
87155
87839
88733
88762
89065
90038
90709
90885
92422
93902
94093
94453
94885
95244
95419
96656
96797
97361
97375
97913
98637
98919
101019
101973
103315
103827
104287
105023
105048
106592
106843
108003
108302
108353
110386
111682
112181
113146
113702
115514
115650
116035
116103
116692
117413
118992
119058
120165
120502
120513
122094
122711
123508
124330
124668
124859
124880
125124
126542
126627
126732
127302
127364
127909
128008
128707
129588
129665
129800
130159
131197
131318
131687
131871
132103
134457
134787
136823
137085
137403
138244
139094
139190
141142
144681
145007
145376
145899
145918
146332
146548
146633
147246
147362
148095
148626
148828
149444
150515
151109
151360
152099
152444
153556
153632
154163
154444
154809
156299
156504
157254
157258
157259
157300
157304
163338
164040
164881
165136
165819
166835
167052
167056
167061
167105
167114
167119
167120
167139
167149
167151
167153
167165
167178
167186
167210
167212
167224
167241
167244
167251
167277
167282
167292
167295
167308
167337
167343
167354
167356
167360
167362
167379
167403
167409
167424
167439
167461
167481
167482
167490
167495
167499
167511
167523
167543
167554
167568
167573
167607
167640
167645
167650
167652
167678
167688
167690
167737
167766
167777
167796
167798
167821
167840
167880
167888
167900
167902
167907
200294
200385
200785
200787
200812
201017
201128
201162
201252
201309
201405
201625
201760
202150
202340
202560
202600
202760
203073
203114
203404
203892
203996
204785
204815
204856
204889
205213
205382
206257
206565
206602
206637
206707
207164
207385
207390
207401
207480
207488
207615
207750
207839
208336
208545
208752
209012
209053
209061
209620
209654
209929
210116
210322
210324
210368
210765
210766
210827
211380
211979
213097
213218
213260
213398
213632
213782
213937
214194
214316
214359
214385
214559
214587
214648
215139
215419
216191
216247
216295
217036
217061
217062
217388
218072
218393
218928
219375
219479
219483
220375
220736
220799
220933
221136
221442
221465
221491
221636
222116
222131
222172
222634
223041
223043
223160
224118
224184
224262
224383
224422
224535
224574
224915
225767
226850
227495
228009
228226
228708
229513
229978
230463
230478
230592
230737
230763
230860
231006
231215
231301
231877
232113
232134
232256
232626
232628
232721
232794
232930
233425
233641
233789
234593
234813
235259
235377
235429
236111
236533
236591
236681
236893
236924
237095
237570
238000
238348
238481
238780
239065
239113
239131
239188
239197
239341
239343
239616
239625
239826
239953
240156
240875
241340
241381
241425
241692
241716
242007
243167
243255
243279
243439
244142
244599
244715
245173
245547
245670
246500
246570
246575
247064
247191
248015
248400
248491
249002
249410
249459
251283
252446
252608
252643
252716
254248
256256
256754
259320
259606
259648
260481
260594
260901
260950
261848
262721
262758
262809
262957
263188
263691
264317
264394
264934
265272
265283
266703
267270
267352
267368
267398
267541
267630
267732
267733
268799
269112
269242
269490
269816
269984
270113
270351
270487
270491
271257
272666
272873
273449
273883
273893
273908
274023
274411
274470
274808
274957
275286
275405
275461
276799
276912
277147
277199
277274
278431
278731
278819
279140
279407
279491
279538
279539
279570
279910
280606
280683
281394
281411
281728
282078
282441
282582
282598
282607
283654
284767
284988
285057
285831
286206
287014
287372
287515
287696
288202
288385
288446
288986
289569
289624
290012
290021
290707
290903
290915
291004
291224
291332
292134
292365
292477
292971
294176
294204
294298
294453
294684
295013
295143
295980
296071
296210
296407
296429
296502
296565
297156
297347
297397
297507
297544
297663
298486
298783
298860
299924
300071
300226
300904
301223
301253
301450
301475
301513
302220
302317
302625
302663
304437
304863
305556
306342
306678
306686
306882
307448
307903
308155
308865
308945
309681
309694
309695
310111
310114
311400
312225
312281
312874
313412
314620
315113
315303
316197
316487
316610
316823
317707
319085
319256
319285
320024
321548
322389
323141
323675
323717
323761
324687
324781
325130
325336
325438
326021
326718
326994
327105
327412
328917
329840
330467
331262
333863
333880
334081
334217
334464
334877
335556
336085
336564
336634
337602
337848
338338
338647
339491
339806
340268
340460
340544
342137
342223
342718
343377
344540
345129
345376
345429
345632
346363
347329
347642
348581
348827
349003
349598
350135
350172
351312
351849
352171
352490
353018
353787
353881
355528
355611
355627
355792
356010
356195
356213
356606
357853
358051
358324
358374
358660
359895
360186
361915
362128
362474
362733
362859
362958
363024
363816
364249
364286
364517
364570
365232
366726
368586
369103
369120
370989
371069
371719
372240
373662
373670
374630
374782
375185
375245
375873
375925
376658
376990
378017
378849
378860
379141
379232
379681
380995
383028
383507
383555
383631
384727
384982
385057
385309
385829
386535
387128
387455
387612
387655
387739
389432
389494
389527
389781
390059
390261
390553
390562
392739
393444
393643
394764
395871
396909
397408
397420
397487
397547
397576
398251
398488
398626
398643
398797
398827
399119
399246
399351
400147
400167
400193
400320
400528
400562
401160
401977
402048
402300
402603
403919
404188
404427
404464
404663
404710
405889
406669
406728
406756
406900
407039
407067
407146
407222
407245
408731
409205
409598
409916
410136
410484
413147
413948
413999
414044
414063
414372
414387
414478
414578
415186
415439
415798
415927
416206
416349
416466
417469
418095
418273
418665
419609
420059
420170
420257
421820
422055
422796
422971
423417
423483
423797
424118
424129
424212
425337
426253
427140
427608
428312
428483
428854
429101
430650
430685
431050
431104
431105
431225
432188
432224
432327
432470
433089
434092
434598
435054
435210
435747
436085
436629
437087
437198
437507
437530
437593
437723
438194
438720
439106
439853
440313
440648
440734
440829
442091
442492
442602
442649
443021
443077
443995
444722
445096
445383
445675
445818
446179
446231
446971
447646
448085
448245
448512
449478
449778
451900
452426
452492
453917
454023
454191
454984
455261
455737
456380
456593
456681
456780
457886
458749
458861
458871
459159
459234
459396
460066
460332
460658
461234
461765
461894
462902
463604
463959
464245
465938
466168
466445
466978
467248
467304
468254
468545
468949
469185
469759
470699
470940
470950
471441
472943
473840
474535
475041
475075
475206
475316
475726
476093
477135
477222
477509
477813
477947
479654
479689
480720
481652
481711
481859
482130
482443
482819
483586
483681
484016
484130
484785
485300
486498
487503
487807
487830
488237
488709
488981
489118
489681
490672
491404
491556
492504
492926
493536
493701
493788
494019
495158
495383
495648
496060
496213
497069
497340
497576
497942
501015
501641
503495
503560
503713
504748
506622
506825
507054
507059
507150
507911
508271
508992
509119
509282
510181
510601
510996
511156
511376
512184
512204
512844
513153
513254
513792
514961
515899
516855
518508
519777
520065
520758
521532
522720
522977
523002
523088
523406
523529
524108
524763
524764
524942
525030
526379
526398
528126
528129
528338
528404
529099
529739
530801
530999
531131
531873
531901
531944
532846
533880
534327
534449
534924
534977
535006
535568
538297
538469
539721
539757
540742
540871
540923
542531
542690
543224
543234
543243
545694
545902
546090
548077
550008
550138
550435
551073
551107
551418
551419
552207
552285
552464
552516
552550
552631
552738
552752
553878
554120
555081
556013
556043
556073
556680
557521
558215
558341
558767
559815
559985
560151
560930
561311
561760
562071
563554
563832
564320
564506
564709
564727
565745
565849
565856
566060
566265
566591
567224
568276
570036
570090
570534
570784
570822
572316
572556
572935
573030
573051
573053
574154
574293
575372
576255
577870
578350
578635
578705
579330
580258
580390
580624
580714
580949
581376
582024
582350
582648
583329
585169
585299
585442
585873
586469
587748
588282
588975
589939
590117
590876
590916
592220
592488
593021
593090
594846
595033
595058
595749
595765
597033
598489
600805
601625
601769
602552
603800
604745
605077
606901
606972
608678
608937
609440
609619
610212
611053
611198
611283
611643
612865
613005
613024
613553
613869
613894
616216
617728
619000
620193
620815
621453
622861
623226
624581
624977
626240
626501
627082
627377
627494
628089
628606
628794
628962
631076
631792
631934
632020
632485
632668
634079
634101
634727
635087
635273
635323
635600
636868
638857
641130
642128
642237
642568
643535
644123
644463
644563
645119
645272
647348
648001
648236
649782
650443
650717
650831
651995
652500
653053
653076
653893
653991
654222
655382
655879
656105
656115
656214
656844
657063
657407
657421
658359
659841
659952
660017
660862
661751
662026
662054
662332
662509
662752
663076
663567
668226
668322
670099
670210
670657
670724
671417
671808
671969
672519
672774
673104
673572
674883
675173
675562
675646
675717
677047
677253
677673
678036
679514
679687
680252
680389
680434
682429
683279
683530
683626
684366
686067
686112
686294
686375
686643
686732
686986
687352
688351
688453
689079
689670
689715
689780
690987
691090
691170
691306
691323
691480
691785
692198
693452
693467
693558
694053
694313
694557
696014
696563
697088
698086
698150
698197
699220
699327
699699
699744
699871
700052
700214
700304
700458
702321
702542
702780
702931
703677
703805
703846
704489
704608
704813
705542
705598
706721
707208
707508
708985
710820
711026
711245
711665
714002
715400
716069
716266
716290
716793
717064
718496
718526
718653
721086
721615
721703
722122
722376
723195
723938
724036
724085
725456
726683
726964
728309
728310
729013
729315
729356
729767
729780
731043
731668
732120
732170
732207
732243
732353
732396
732400
733622
734773
735085
735254
736605
736714
737205
737640
738935
739542
739773
741233
741687
741847
741884
743594
743621
744156
744509
744660
744846
745014
745720
746558
746605
746927
747097
747675
747800
748837
749692
750254
751447
752159
752404
752869
753242
753434
753435
754167
754458
756020
756309
756356
756803
757192
759385
760976
761728
762329
762463
762501
764505
766525
766900
767266
768085
768201
769318
769706
770084
770810
771552
771740
772038
772204
772583
773937
774346
776096
776476
777030
778650
779297
779502
779964
780280
781383
782760
783167
783611
784549
784967
786122
786340
786603
786639
787167
789643
789847
790449
791053
791962
792049
792882
793585
794800
795089
795139
795666
796539
797386
797982
798024
798462
798563
799500
800170
801163
801404
801567
801758
801895
801979
802582
802667
802712
803277
803698
803778
804139
804533
804705
804857
805489
806634
806780
807257
808338
810383
810452
810590
810788
812367
812660
813154
814025
814103
814225
814954
815166
816045
816134
816362
817300
818845
818919
819158
819363
819815
821317
821333
821426
821650
821700
822526
822535
823056
823608
823839
824500
824575
824768
824793
826404
826891
826911
826934
826992
827278
828370
829282
830033
831062
831240
831407
831643
832012
832282
834674
834735
834836
834838
835267
836584
836689
837017
837591
837761
838774
839178
839382
841071
841154
841287
841314
841640
842111
842135
843544
843813
844039
844336
845066
845327
845704
846488
847307
847594
848574
851196
851742
852490
852570
854187
854679
854733
854768
855781
857257
857974
858015
859051
859246
860050
860357
860999
861427
861942
862496
862570
862573
864012
864347
864684
866422
866542
869066
869560
870397
870646
870951
871727
872061
872611
872967
873031
874210
874290
875662
875846
876160
876472
878949
880370
880426
881022
883028
883065
883576
883819
883853
884015
885050
885289
885732
886968
888070
888076
888408
889143
889173
889241
889391
889608
889947
890092
890869
891955
893978
894130
894496
894844
895146
897372
897787
897865
898937
899191
899402
899683
900545
900878
901738
903031
903763
904121
904175
904367
904436
905300
906283
908110
908328
908713
911280
912794
912833
912957
913312
913370
913666
913697
913867
913981
915104
915214
915922
916052
918425
918972
919072
919439
921376
921505
923423
923897
925855
926041
926811
926986
926993
927241
927897
929158
929463
929828
930657
931415
931578
932262
932646
932698
933857
934242
934653
934662
936741
937050
937112
937558
937787
937952
939132
939783
940954
941208
941674
941813
941924
942082
943706
943758
944086
946261
946628
946631
947868
948215
950325
950415
951176
951731
951818
952356
953239
953568
953670
953854
954261
955336
955530
955547
955601
956502
956754
957993
957999
958936
959493
959721
960104
960262
960332
961583
962161
962347
962497
962534
964158
964223
964255
964339
964402
964447
965344
965764
966218
966718
967324
967654
968040
969729
970346
971844
972396
972910
974077
974100
974353
974769
975066
975084
976546
976548
976883
977192
978064
978199
978813
979170
979876
982203
982314
982735
982942
985473
985517
986815
986822
987048
987429
987681
989345
991110
991112
993309
993620
995493
997191
998337
1000390
1000564
1000598
1000816
1000958
1000999
1002310
1002336
1002464
1003442
1004132
1004219
1004390
1004399
1004444
1004812
1004981
1005766
1006376
1008666
1009852
1010674
1011021
1012783
1013852
1015390
1015468
1015576
1015604
1016103
1016170
1016171
1017043
1017295
1017631
1017682
1017683
1017797
1017964
1018500
1019086
1019471
1019775
1020156
1021621
1022716
1023281
1024560
1025537
1025910
1025937
1027016
1027191
1030330
1030392
1031076
1031177
1031250
1031367
1031419
1032030
1032309
1033350
1033481
1033850
1033852
1033950
1034442
1035537
1035783
1036004
1036315
1037592
1037816
1038023
1038250
1038431
1038587
1038618
1038676
1038727
1039156
1039301
1040084
1040757
1041795
1042367
1042599
1042601
1043033
1043623
1043737
1045197
1045370
1045980
1045981
1047100
1047657
1048065
1049302
1049327
1049376
1049933
1051408
1051606
1051979
1052172
1052876
1053555
1053644
1054140
1054432
1056202
1056499
1056501
1056863
1056939
1057086
1057159
1057281
1057458
1057848
1058386
1058415
1058550
1058555
1058955
1059431
1059471
1059608
1059721
1059765
1061689
1061769
1062083
1062218
1063070
1063532
1063587
1064600
1064952
1065811
1066442
1066555
1067122
1067219
1068148
1068502
1068638
1068855
1069054
1069309
1070785
1072347
1072609
1072742
1072747
1073365
1073997
1074801
1075034
1075254
1075828
1075921
1075944
1075987
1076012
1076743
1077411
1077451
1077651
1077710
1077821
1077833
1078142
1078771
1080001
1081469
1081980
1082005
1082511
1082569
1082698
1083254
1083875
1084507
1085162
1085248
1085547
1085977
1086370
1087995
1088395
1089419
1090011
1090735
1090988
1092935
1093328
1093828
1093909
1093959
1094197
1094842
1095548
1095561
1095712
1096075
1098488
1098518
1098698
1099912
1100128
1101781
1101955
1103423
1103516
1104199
1104562
1105003
1105262
1105660
1106191
1106749
1107095
1107712
1108698
1108863
1109433
1110049
1110404
1110733
1111381
1111789
1112531
1114016
1114814
1115777
1116665
1117953
1118236
1119249
1119823
1120129
1121452
1122237
1122890
1123365
1124131
1126283
1126377
1126555
1127023
1127269
1128860
1129208
1129490
1129587
1129662
1129704
1129795
1129897
1130714
1130752
1132117
1132283
1133103
1133207
1135360
1135736
1136386
1137372
1137775
1138180
1138347
1139832
1140191
1140709
1140919
1142042
1142198
1142902
1142931
1144685
1144797
1146141
1146558
1147290
1147517
1147534
1147688
1148792
1149030
1149416
1149582
1149811
1151382
1151908
1151911
1152197
1152516
1152748
1153334
1153785
1154270
1154314
1154318
1154412
1154570
1154751
1156228
1156326
1156495
1156498
1157049
1158210
1159083
1159374
1160078
1160212
1160454
1160913
1161691
1162185
1162450
1162610
1162907
1163467
1163590
1164896
1165219
1165435
1165917
1166397
1166417
1166752
1167392
1167570
1168044
1168145
1168352
1168363
1168523
1169814
1170713
1170719
1170813
1170952
1171183
1172098
1173121
1174478
1175144
1175268
1176165
1176956
1178304
1178524
1179990
1180462
1180810
1182433
1183556
1183653
1183823
1184804
1184920
1185224
1185555
1185607
1189312
1189554
1189673
1189697
1189836
1189865
1189935
1189940
1190207
1191516
1191984
1194408
1197347
1197649
1197734
1199059
1199167
1199895
1199924
1200057
1200280
1200416
1200502
1201651
1204197
1204889
1206209
1207334
1209549
1210151
1210464
1211496
1211507
1212259
1213846
1214297
1214400
1214453
1214506
1214830
1215017
1215544
1216521
1216542
1216822
1217952
1217960
1218820
1219085
1220986
1221247
1221702
1221771
1222220
1225174
1225417
1226373
1226582
1227676
1229043
1229306
1229555
1229610
1229922
1229930
1230098
1230394
1233728
1233775
1234375
1234714
1236279
1237489
1237499
1239700
1240841
1242394
1243164
1243208
1243264
1243407
1244497
1245173
1245270
1247524
1248367
1248664
1249273
1251227
1251808
1252605
1252704
1252860
1253180
1254185
1254377
1254401
1254529
1254585
1254796
1257112
1257338
1257767
1258178
1258309
1258327
1258350
1259332
1259343
1260083
1260086
1261824
1262588
1265174
1266557
1267960
1268393
1269161
1269588
1269701
1270168
1271343
1271857
1272007
1272485
1274338
1274867
1275517
1275882
1277290
1278146
1279563
1279612
1280331
1280852
1283065
1284308
1285051
1285261
1285745
1286202
1287127
1287469
1288575
1291436
1291456
1291468
1292628
1292914
1293185
1294876
1296513
1297435
1297681
1299813
1301329
1301808
1302180
1302642
1305571
1309698
1310723
1310825
1310986
1311108
1311687
1311818
1311895
1312462
1313023
1313344
1313934
1314195
1314636
1317003
1317067
1318289
1318618
1318744
1319259
1320018
1321033
1322304
1323983
1325333
1325825
1326390
1326774
1327301
1328600
1328768
1330092
1333016
1333044
1334479
1335526
1335897
1336309
1336391
1336998
1337041
1339111
1339511
1339727
1339923
1340398
1340763
1341458
1341982
1344398
1345545
1345676
1346777
1346895
1347182
1349618
1350385
1350433
1350874
1351019
1351279
1351964
1352248
1353521
1353581
1355951
1357092
1359306
1359537
1359599
1359945
1360209
1360978
1361728
1362123
1364143
1364576
1366378
1366733
1367392
1368862
1369110
1372877
1373602
1375155
1376177
1378591
1378764
1379932
1380235
1380240
1380809
1381997
1382123
1382135
1384384
1384855
1387152
1388608
1389145
1389344
1392699
1392955
1395653
1396027
1396443
1396812
1400635
1400945
1401261
1404269
1404480
1406170
1406171
1407901
1409749
1410999
1416885
1418447
1418841
1419706
1423440
1424616
1429531
1434930
1435864
1436317
1436845
1438841
1438847
1440380
1440450
1441459
1442561
1443013
1443078
1443413
1443713
1444005
1444794
1445145
1445580
1446726
1446884
1447368
1447516
1448138
1448274
1450903
1451512
1453511
1454451
1458830
1459230
1459779
1459895
1460486
1460682
1461026
1462005
1464756
1466676
1467412
1468633
1469234
1469637
1470241
1471241
1472599
1474032
1474404
1475629
1482339
1483068
1483216
1483277
1484320
1484685
1485716
1486674
1487353
1487424
1488918
1489429
1490711
1491014
1492196
1493652
1493654
1494426
1496587
1498838
1501592
1505867
1506238
1506453
1510674
1510779
1511116
1514599
1514624
1514929
1515450
1516332
1517933
1518060
1520460
1521176
1522542
1525548
1526097
1527800
1527873
1528488
1528941
1529553
1531268
1532969
1533431
1533765
1535231
1537021
1537415
1537580
1537765
1538197
1539453
1539815
1540155
1540190
1541358
1541663
1542634
1543063
1546245
1547236
1547414
1550508
1550786
1550880
1552902
1553206
1554636
1554665
1555109
1555850
1555995
1556102
1556180
1556969
1557887
1562280
1563260
1563416
1565882
1567379
1568925
1570786
1571921
1572225
1572992
1573364
1573853
1574842
1578295
1579111
1580046
1583435
1584086
1584738
1584744
1584762
1584845
1584889
1585421
1585720
1588266
1588586
1593353
1595247
1597307
1597655
1598359
1599454
1600349
1600783
1604474
1606201
1606209
1608077
1608177
1610126
1611308
1613216
1613451
1613814
1614341
1614657
1614799
1616099
1616529
1616650
1616816
1617147
1618107
1618434
1618634
1618812
1620480
1621363
1621386
1621615
1621704
1621721
1622464
1625381
1629077
1629567
1629965
1630940
1632202
1633811
1638165
1640244
1641568
1642753
1642810
1645068
1648442
1648901
1649637
1650536
1651203
1652422
1654873
1655119
1655124
1655188
1655812
1657672
1658719
1659465
1659554
1660146
1660516
1660620
1660764
1662576
1662681
1664520
1664852
1665963
1666627
1668415
1668465
1668952
1668979
1669491
1671476
1674390
1675521
1681935
1684381
1684405
1685252
1685949
1688112
1689800
1689879
1690516
1692235
1692473
1694616
1694999
1695378
1695382
1697695
1698916
1699268
1699904
1701117
1701167
1701267
1701412
1703898
1704751
1704757
1706479
1707302
1707419
1707474
1710745
1711079
1712800
1712945
1713983
1714324
1715044
1715273
1715415
1717444
1717520
1717780
1718349
1718356
1719791
1720873
1723273
1723367
1724192
1724257
1725933
1725994
1726842
1727758
1728618
1729783
1730494
1731061
1734025
1734203
1734822
1734944
1736634
1739034
1739449
1742510
1745804
1745904
1746447
1751738
1758336
1758858
1760191
1761636
1764490
1765497
1766678
1766920
1767060
1769830
1770838
1773020
1773918
1774945
1775833
1775852
1776348
1778253
1778607
1779529
1779624
1782137
1782162
1782792
1784228
1784481
1784498
1784815
1785718
1786002
1786112
1786422
1787219
1790544
1790888
1793249
1793374
1793650
1794186
1796118
1798546
1800088
1800147
1800514
1800723
1801172
1802229
1803839
1806699
1806721
1807580
1810470
1810796
1812101
1812235
1813361
1813696
1814459
1815946
1818636
1819121
1820511
1822922
1824377
1824592
1825325
1828413
1830285
1830320
1831132
1837188
1837238
1838130
1838886
1844010
1844976
1845317
1845973
1846163
1851437
1852109
1852266
1855572
1857054
1857297
1857406
1858305
1864597
1865047
1866132
1866670
1870942
1872086
1872362
1873056
1875546
1876275
1876917
1878016
1878453
1880048
1880815
1881016
1881201
1882647
1886967
1887992
1888975
1892675
1892738
1895006
1896541
1899149
1900859
1907658
1908175
1908199
1908979
1910612
1916426
1917520
1919522
1924524
1925270
1928915
1928933
1929852
1930571
1932381
1934335
1934698
1934885
1935818
1935926
1940804
1942048
1945814
1948970
1949651
1952614
1953412
1953682
1953974
1954386
1954796
1956512
1956915
1958201
1958425
1964083
1965474
1965603
1965869
1968091
1968323
1968791
1969347
1969649
1975321
1976519
1977624
1978881
1978916
1979776
1982376
1982654
1983917
1984426
1984637
1985024
1985040
1985918
1989363
1989823
1990587
1990714
1991964
1993670
1994162
1996212
1996254
1996588
1997046
1997668
1998284
2000954
2001014
2001192
2002034
2002382
2002420
2002838
2003671
2004052
2004872
2005344
2005428
2006439
2007443
2007666
2010934
2011749
2011894
2012383
2015539
2017810
2017871
2017884
2017996
2018147
2023184
2023460
2024543
2024769
2024887
2025043
2025248
2025710
2026946
2030302
2033807
2035305
2036127
2036151
2036864
2038067
2038806
2040247
2045702
2046462
2047185
2048005
2049213
2049241
2051131
2054109
2055660
2056516
2057437
2060804
2061770
2065161
2065514
2065619
2065767
2066092
2066497
2066546
2067916
2068745
2070925
2071205
2073640
2073880
2075716
2075849
2079108
2080622
2081894
2082413
2082500
2083088
2084011
2085340
2086508
2087590
2088235
2088466
2088698
2089087
2091990
2092331
2093155
2094080
2094913
2096584
2096984
2097329
2097491
2097523
2098890
2100246
2100930
2102253
2103529
2103827
2114921
2118031
2119147
2120764
2120791
2121631
2124291
2125080
2125386
2126123
2127056
2129231
2129830
2130093
2130806
2131779
2132416
2132559
2132603
2132611
2133285
2134776
2134842
2135063
2135117
2135371
2136820
2137888
2138198
2138904
2139624
2141435
2144915
2145177
2145362
2146558
2146932
2148598
2148793
2150835
2153020
2153624
2157829
2159981
2160110
2162229
2164668
2164897
2167958
2168545
2168849
2168856
2174149
2174844
2175092
2178780
2179819
2180475
2181132
2185217
2187208
2187358
2190220
2190221
2192096
2192443
2192614
2194207
2194740
2196484
2197088
2198587
2198641
2198924
2202507
2202613
2204316
2208700
2209032
2211219
2215120
2217799
2217938
2220441
2220452
2222917
2223008
2223218
2224183
2224242
2224710
2224856
2226161
2227021
2227084
2227659
2227727
2228541
2228679
2229830
2230672
2230914
2231160
2231174
2232352
2233515
2233984
2234089
2234375
2234980
2235105
2235209
2235483
2235925
2236949
2237429
2237864
2237890
2237921
2238706
2240941
2241199
2242369
2242645
2243137
2243445
2243462
2244421
2244524
2245896
2246238
2247459
2248360
2248497
2248553
2250868
2252947
2254054
2255665
2256304
2256566
2257518
2257980
2257997
2258085
2258281
2258347
2258584
2259309
2259704
2260136
2260163
2260851
2261199
2261492
2262114
2262391
2265577
2265775
2265921
2265969
2266769
2266966
2267380
2268557
2268559
2268738
2269561
2269588
2269654
2269684
2269733
2269928
2271487
2271592
2272161
2273463
2273611
2274120
2274539
2275109
2275125
2275922
2276362
2277123
2277161
2277385
2277399
2278219
2278364
2278585
2278630
2279334
2279395
2279603
2279638
2280497
2280618
2280903
2281734
2281765
2282155
2282171
2282196
2283020
2283268
2283358
2283398
2283989
2286141
2286254
2287301
2287612
2287864
2288293
2288677
2288767
2288856
2289109
2289155
2289163
2289338
2289891
2290933
2291792
2292113
2292229
2292331
2292697
2292903
2293241
2294514
2294691
2294883
2296178
2297197
2298364
2298515
2299055
2299265
2299292
2300204
2302670
2302740
2302766
2302895
2303356
2304118
2304133
2304155
2305697
2306249
2306727
2307122
2307163
2307661
2308071
2308446
2308513
2309320
2310621
2311163
2312300
2312373
2312418
2313232
2313382
2314445
2314590
2315548
2315600
2316153
2317936
2318055
2318171
2319252
2320051
2320329
2321301
2321428
2322282
2322383
2322637
2323483
2324440
2324888
2325444
2325449
2325728
2326545
2326557
2326573
2326673
2326708
2326880
2326966
2328246
2328544
2328686
2328993
2329059
2329088
2329275
2329320
2329440
2329480
2329733
2329759
2329931
2330736
2331827
2332097
2332152
2332271
2332946
2333439
2334631
2335619
2335812
2336310
2337289
2337858
2338788
2339036
2340328
2341511
2341512
2342475
2342575
2343656
2344353
2344374
2345729
2346321
2348644
2349382
2349548
2349870
2349909
2352240
2352454
2352531
2353172
2353210
2353796
2353929
2354742
2355960
2356924
2356996
2357238
2357874
2358392
2359666
2359708
2359828
2360041
2361115
2361133
2361444
2362060
2362309
2362860
2363949
2364312
2365921
2366029
2366681
2367208
2367428
2368665
2368830
2369080
2369610
2370225
2371014
2371240
2371265
2371365
2371391
2371506
2372345
2373164
2373306
2373612
2374003
2374361
2374850
2375997
2377349
2377801
2379141
2379188
2379963
2380383
2381066
2381283
2381451
2381836
2382492
2382733
2383304
2384467
2384501
2385182
2386103
2386498
2386554
2387106
2388888
2389168
2389356
2389391
2389684
2390529
2390610
2390926
2391262
2392462
2392477
2392681
2392981
2393460
2393514
2393550
2394983
2395102
2395278
2395956
2396369
2396609
2397101
2398501
2398811
2399144
2399179
2399213
2399277
2403520
2403728
2404509
2407000
2407769
2408011
2408131
2408230
2408664
2408696
2409064
2409893
2410023
2410913
2411601
2411646
2411671
2412747
2413013
2413356
2413577
2413854
2413888
2414914
2415587
2415624
2415699
2417010
2417079
2417581
2417846
2417930
2417992
2418207
2418251
2419050
2419103
2419310
2419674
2420663
2420796
2420834
2422159
2423168
2423446
2423549
2423658
2423681
2423725
2424123
2424176
2424643
2425635
2425721
2425841
2426226
2426829
2427695
2428248
2429105
2429379
2429443
2430494
2430582
2430700
2430709
2430903
2431118
2432214
2433137
2433614
2433621
2433722
2434467
2434727
2435519
2435798
2436106
2436811
2437704
2438187
2438467
2438919
2439007
2439100
2439291
2440342
2440656
2441410
2441551
2441744
2441747
2442165
2442777
2442868
2443791
2443926
2445187
2445481
2446197
2446659
2446860
2448705
2448900
2449087
2449159
2449598
2450378
2450550
2450982
2451423
2452388
2452629
2452687
2452815
2452935
2453129
2453952
2454380
2455586
2455807
2456162
2457115
2457317
2457516
2457891
2459407
2460091
2460103
2460281
2460824
2460839
2461855
2462085
2462695
2462939
2463089
2463106
2464251
2464576
2464697
2464933
2464947
2465025
2465043
2465090
2465722
2466545
2466563
2466666
2468628
2468646
2468998
2469712
2470193
2470245
2470341
2471573
2471802
2471830
2472339
2472443
2473071
2473950
2474507
2474903
2475332
2475568
2475640
2476210
2476752
2477185
2477541
2478444
2478733
2478791
2479204
2480573
2480576
2480585
2480844
2480854
2481694
2481719
2482253
2482271
2483458
2484417
2484616
2484971
2485097
2486060
2486235
2486283
2486763
2487288
2487852
2489180
2489312
2491617
2491921
2492083
2492576
2492788
2492832
2493814
2494737
2495371
2495633
2496056
2497641
2497854
2498874
2498951
2499210
2499232
2499321
2499963
2500490
2500599
2500904
2501121
2501157
2501506
2501596
2501862
2502648
2502801
2503290
2504821
2504844
2504916
2506144
2506353
2507852
2509342
2510280
2511678
2513269
2513385
2513413
2514119
2514472
2514612
2514779
2514976
2515007
2516060
2516572
2517658
2517818
2517998
2518356
2518664
2518666
2519894
2519905
2520015
2521513
2522618
2523330
2523843
2525174
2525772
2525949
2526000
2526854
2527958
2527962
2527975
2528007
2528334
2529174
2529707
2529777
2529962
2530510
2530969
2531473
2531735
2532259
2532320
2532993
2533698
2533752
2533864
2535191
2536303
2536762
2537028
2537260
2537459
2537692
2537953
2538189
2540338
2541039
2541642
2541738
2541869
2541889
2541967
2542853
2543144
2544096
2544287
2544439
2544579
2545316
2545346
2545448
2545698
2545779
2546790
2547004
2547064
2547237
2547256
2548224
2548268
2548610
2548630
2549323
2549355
2550162
2550855
2551084
2551440
2551845
2552378
2552701
2552879
2552951
2553670
2554214
2554285
2556084
2556101
2556240
2556422
2556843
2557018
2558040
2558110
2558937
2559248
2559273
2559411
2561989
2562269
2562319
2562488
2562634
2563808
2563820
2564478
2564947
2565693
2566216
2566224
2567331
2567454
2567960
2568079
2568979
2569052
2569123
2570679
2570766
2570841
2570947
2572144
2572472
2573151
2573359
2573374
2573483
2574040
2574321
2574322
2574483
2575591
2575799
2575966
2576683
2578718
2579358
2579435
2579995
2580770
2581142
2581148
2581577
2581767
2581867
2582292
2582362
2582393
2582537
2582538
2582861
2583184
2583396
2583519
2584300
2586175
2586262
2586431
2587124
2587638
2587888
2588408
2589131
2589205
2590285
2591473
2591650
2592892
2593034
2593094
2593136
2593296
2594562
2594924
2595564
2595654
2595760
2595851
2596999
2597353
2598452
2598655
2599044
2599461
2599582
2600836
2601253
2602071
2602239
2602541
2603651
2603808
2604079
2605021
2605111
2606091
2606731
2607934
2608100
2608211
2608301
2608321
2608323
2608438
2610752
2611246
2611798
2612146
2612167
2612186
2612274
2612487
2612809
2612891
2613209
2613417
2614759
2615503
2615546
2615959
2616019
2617243
2617303
2617601
2618372
2618471
2620037
2620078
2620440
2620638
2620735
2621034
2621967
2623001
2623785
2624408
2624906
2625232
2625739
2625815
2627327
2627732
2628242
2628783
2629366
2629543
2629627
2630013
2630443
2630527
2630888
2632313
2633360
2633395
2633596
2634553
2634684
2634980
2635123
2636221
2636547
2636833
2638038
2639358
2639486
2639767
2639780
2639808
2639824
2639845
2640055
2641084
2641118
2641143
2641173
2641334
2641998
2642130
2642132
2642142
2642198
2642524
2642948
2643762
2644322
2644352
2645191
2645200
2645381
2646326
2646758
2647360
2647513
2647812
2648497
2649858
2649984
2649992
2649998
2650082
2650971
2651382
2652211
2652451
2652581
2652729
2652762
2652763
2652988
2653989
2654025
2654182
2655167
2656548
2656594
2656785
2657109
2657227
2657230
2658344
2658381
2658555
2658671
2658760
2658798
2659092
2659159
2660022
2660284
2660309
2660745
2661580
2662043
2662111
2663236
2663379
2664250
2664431
2664538
2665271
2665574
2666272
2666719
2667762
2667798
2667987
2668204
2670520
2670882
2671701
2672428
2672860
2673552
2674699
2675135
2675499
2675540
2676121
2676391
2677003
2677691
2678798
2679096
2679507
2680095
2680289
2680802
2681096
2681263
2681284
2682570
2683388
2684100
2684140
2684183
2685132
2687116
2687211
2688810
2689463
2689720
2689778
2689808
2689932
2691111
2691523
2692218
2692427
2693311
2693334
2693415
2693505
2693975
2694212
2695285
2695452
2695571
2695628
2696336
2696775
2696789
2696852
2697948
2698159
2698944
2699289
2699449
2699602
2699791
2701006
2701152
2701429
2702447
2702579
2703135
2704188
2704528
2705571
2705746
2705809
2706869
2706887
2706985
2707954
2708220
2708800
2708920
2710389
2710671
2711006
2711288
2711682
2711917
2712148
2712167
2712344
2712923
2713056
2713403
2713564
2713719
2714419
2714425
2714872
2715303
2715417
2715706
2716423
2717829
2718415
2718772
2720229
2720823
2721001
2721019
2721051
2722057
2722710
2724135
2724498
2726991
2727204
2727375
2727568
2727640
2727861
2727924
2727941
2728593
2728700
2728988
2729431
2731090
2731155
2734385
2734612
2735089
2735212
2736316
2736415
2739351
2739839
2741109
2742193
2742548
2742651
2742701
2743250
2743722
2745383
2746023
2746866
2747696
2748693
2749627
2749827
2751391
2751873
2752977
2753200
2754280
2755703
2756223
2758309
2759646
2760023
2760102
2761421
2761496
2761852
2761860
2762432
2763277
2763356
2764218
2764298
2764607
2765466
2765953
2768629
2769309
2769352
2769686
2771258
2771719
2771751
2772292
2773932
2774131
2774147
2774793
2774870
2776019
2776236
2776484
2777349
2777375
2777667
2778409
2779405
2779616
2779742
2780738
2781590
2781803
2783179
2784151
2785178
2785277
2786971
2786985
2787363
2787429
2788297
2788978
2790147
2790250
2790628
2790817
2791489
2791757
2792249
2792550
2792638
2793077
2793294
2794336
2794887
2794924
2796833
2797328
2797630
2797945
2797952
2798134
2798435
2800324
2800327
2800435
2800792
2800859
2800943
2800987
2802014
2803475
2806338
2806381
2807067
2807212
2807238
2807265
2808449
2808450
2808597
2810001
2810260
2810476
2812994
2813303
2813850
2815189
2815637
2815976
2816198
2817099
2819177
2820234
2820717
2820918
2821378
2821949
2822480
2822511
2823725
2824216
2825590
2825695
2825995
2826857
2827126
2827693
2828301
2829249
2829290
2830004
2831862
2831994
2832097
2832118
2833360
2833933
2835835
2835996
2836216
2836503
2836879
2837075
2837390
2837848
2838309
2838465
2838540
2838712
2838822
2838928
2838968
2839447
2839469
2839823
2841515
2841639
2841784
2841958
2843226
2843285
2843388
2845709
2845831
2846817
2847120
2847529
2847786
2848811
2848897
2849319
2850013
2850610
2850738
2851554
2851732
2852130
2852322
2852532
2852568
2853512
2853551
2853903
2854153
2854197
2855734
2855828
2856191
2856242
2856602
2857630
2857634
2857798
2857964
2857983
2858009
2858507
2858969
2859050
2859153
2859223
2859285
2859344
2859734
2859758
2860109
2860369
2860561
2861422
2861730
2863662
2864968
2866215
2866858
2868071
2868161
2868777
2869513
2869640
2869932
2870352
2871911
2872514
2873276
2873667
2873832
2874290
2874483
2874535
2874678
2874770
2874852
2875251
2875518
2875692
2877137
2877222
2877556
2877779
2879227
2879301
2879519
2879556
2880025
2881053
2881097
2881795
2882043
2882487
2882489
2884406
2884712
2885079
2886451
2886863
2887261
2887730
2887790
2888003
2888702
2888962
2890283
2890736
2890926
2891001
2891241
2891363
2891369
2892915
2892952
2893114
2893307
2893595
2894394
2894443
2896373
2896646
2896961
2899074
2899265
2899721
2901434
2901768
2902088
2903066
2903458
2903601
2905234
2905572
2905770
2905976
2906655
2906698
2908692
2908902
2908917
2909078
2909286
2909430
2910663
2911079
2912661
2913215
2913310
2913514
2913735
2913893
2915289
2915773
2917433
2917546
2918580
2920868
2922941
2923110
2923516
2923529
2924845
2928253
2928423
2928469
2929280
2929890
2930528
2930568
2930637
2931700
2931803
2934809
2936476
2938318
2939816
2940711
2942182
2942285
2942664
2942774
2943326
2944995
2945048
2945136
2945976
2949261
2949752
2950299
2951516
2951965
2952073
2952271
2953511
2955001
2955599
2956406
2957079
2957244
2958348
2958604
2958862
2959100
2960086
2960156
2960414
2961594
2962272
2964928
2965471
2966091
2966121
2968552
2968615
2968859
2968983
2969324
2971133
2971909
2973544
2973736
2974495
2974740
2974784
2975438
2975985
2976858
2977744
2978334
2979499
2979646
2979731
2980215
2980779
2980981
2981124
2981970
2982014
2982754
2983439
2985842
2985903
2986048
2986085
2987823
2988818
2989033
2989354
2991850
2992175
2992688
2992867
2993898
2994011
2994060
2994505
2995553
2995577
2996617
2997040
2997111
2997324
2997680
2997848
2998178
2998258
2998419
2998501
2998657
2999343
2999980
3000252
3002314
3002680
3003004
3003720
3003796
3007534
3009195
3009287
3009644
3011625
3011770
3012801
3014788
3015001
3016857
3016957
3017532
3018054
3018316
3018326
3019138
3019184
3022537
3023318
3023540
3023760
3023963
3023995
3024150
3024180
3026866
3028827
3028988
3029332
3030975
3031212
3031813
3032321
3032523
3032535
3033308
3033804
3034050
3034058
3035672
3036497
3036572
3036595
3037896
3038549
3038721
3038790
3038799
3039901
3041158
3041223
3041250
3042222
3042897
3043345
3043358
3043631
3044901
3044946
3044999
3045287
3045433
3046784
3047747
3048543
3048631
3048734
3049260
3050505
3051480
3051589
3051606
3051669
3051698
3053861
3054141
3057158
3057205
3058995
3059281
3059305
3059685
3059701
3060383
3060869
3061356
3062993
3063676
3066118
3066150
3068256
3068559
3068685
3069143
3071424
3074062
3077430
3078165
3078670
3080201
3080663
3081120
3081146
3082732
3082780
3082807
3085038
3085688
3087454
3088066
3088281
3088748
3091653
3092647
3094221
3095117
3096887
3096927
3097349
3097410
3097847
3097901
3099357
3100351
3100526
3101063
3104354
3105562
3105582
3105932
3106097
3106650
3106889
3107105
3108033
3108655
3109087
3109445
3110353
3110582
3110883
3111454
3111517
3113259
3113460
3113780
3115950
3116911
3117878
3118002
3119543
3123916
3124523
3125048
3126619
3127177
3128756
3128762
3128832
3128964
3128988
3129406
3131915
3132307
3133855
3133919
3135212
3136607
3136624
3136760
3138142
3138753
3140493
3140684
3141088
3141829
3142011
3142076
3144046
3144053
3144101
3144198
3147908
3148213
3148243
3148245
3150022
3150422
3150761
3151230
3153219
3155184
3155228
3155446
3157412
3157901
3158266
3158897
3159893
3161764
3163379
3163571
3163838
3165767
3168660
3168706
3172047
3172256
3172378
3173675
3173776
3173913
3174356
3174611
3175451
3176271
3176294
3178687
3179172
3180936
3182268
3182285
3182519
3182754
3186630
3186805
3186952
3187074
3188162
3188613
3190428
3191166
3191197
3191523
3192596
3192937
3194583
3195115
3195438
3196209
3197641
3197981
3198725
3200146
3200474
3202494
3204296
3204889
3205307
3205573
3206197
3209810
3210565
3213557
3214520
3216214
3217946
3223130
3223572
3223757
3224735
3225833
3226883
3228545
3230286
3231339
3231576
3233382
3234006
3234737
3235709
3235980
3237724
3237883
3238442
3239334
3239892
3240893
3243495
3244530
3244543
3244950
3248697
3250373
3250621
3251902
3251955
3252438
3254190
3254263
3254312
3254716
3257228
3257841
3260132
3262250
3262638
3264641
3264863
3265311
3267270
3267369
3268669
3268779
3271618
3276590
3277559
3280231
3280427
3283302
3284382
3285299
3286421
3288274
3289204
3292575
3295540
3295544
3299313
3299436
3300972
3301624
3303400
3307158
3310051
3310179
3311474
3312160
3314116
3315082
3318173
3319742
3320485
3324245
3325858
3325922
3326507
3328193
3330925
3331704
3333239
3334733
3334990
3337002
3337448
3338050
3338243
3338944
3343148
3345455
3347002
3348354
3351447
3351848
3352306
3353574
3357636
3358180
3360454
3361581
3361729
3364198
3364679
3365018
3374061
3474398
3475615
3477522
3477746
3481357
3482055
3488495
3491149
3491151
3491832
3492236
3492432
3494983
3495839
3495916
3496729
3497337
3498281
3499582
3502352
3502356
3502880
3504030
3504977
3508115
3508661
3511430
3514799
3516426
3517090
3518155
3518658
3519346
3520136
3520296
3520660
3520671
3522027
3523093
3526554
3527312
3527801
3528102
3538910
3541304
3541938
3542597
3542936
3543475
3543878
3544273
4984179
4987922
4991283
4995975
