5000.0
5752.94117647
171428.571429
151378.647059
1250000.0
270000.0
2857.14285714
21818.1818182
61518.9090909
12272.7272727
2183127.0
666666.666667
13558.8235294
136363.636364
263157.894737
833278.666667
34130.4347826
59259.2592593
300000.0
74074.0740741
16304.3478261
9090.90909091
112500.0
395348.837209
16346.1538462
30158.7301587
71428.5714286
14000000.0
10344.8275862
181159.42029
53571.4285714
53571.4285714
145161.290323
27592.9
36363.6363636
26173.9130435
193933.333333
4411.76470588
1607.80769231
411764.705882
300000.0
27500.0
186666.666667
1000000.0
750000.0
30303.030303
6384.61538462
46417.4237288
300000.0
18181.8181818
375862.068966
10000.0
1230769.23077
159090.909091
1086424.0
227377.2
117647.058824
87500.0
307692.307692
173913.0
7142.85714286
14285.7142857
443333.333333
13636.3636364
413047.916667
22727.2727273
160000.0
215882.352941
48023.5
140000.0
2135.41666667
73529.4117647
485714.285714
4032258.06452
151351.351351
134500.0
189333.2
51176.4705882
4486.48648649
83333.3333333
25000.0
80000.0
1523809.52381
33571.4285714
150000.0
169230.769231
146341.463415
40540.5405405
22222.2222222
23824.5930233
20000.0
20357.1428571
451612.903226
7142.85714286
34090.9090909
16129.0322581
1400000.0
125000.0
16577.1084337
36363.6363636
2380.95238095
1200000.0
47058.8235294
735.294117647
446628.571429
60526.3157895
6000000.0
60344.8103448
189285.714286
60625.0
6250.0
200000.0
104545.454545
20000.0
150000.0
7484.66666667
5378.09722222
285714.285714
20000000.0
22058.8235294
42868.2272727
415428.32
170000.0
18987.3417722
18125.0
500000.0
43478.2608696
427118.644068
7142.85714286
276666.666667
36363.6363636
10416.6666667
1612903.29032
520833.333333
57692.3076923
3000.0
61904.7619048
1562.5
2500000.0
187500.0
565789.473684
50000.0
212065.652174
58620.6896552
166666.666667
103174.603175
1610.38961039
421052.631579
1250000.0
482758.62069
45454.5454545
2857.14285714
526.315789474
13157.8947368
289855.072464
5447.76119403
451428.571429
27596.5789474
104545.454545
51724.137931
26315.7894737
2538.46153846
209090.909091
41666.6666667
142857.142857
77777.7777778
30303.030303
29600000.0
6060.60606061
193548.387097
371428.571429
125000.0
212765.957447
184000.0
590909.090909
428571.428571
1190.47619048
50963.3684211
457317.073171
80000.0
11111.1111111
26612.9032258
1111111.11111
12499.9375
537500.0
195000.0
11000.0
10409.8360656
375000.0
53191.4893617
18863.6363636
219512.195122
275000.0
41666.6666667
75757.5757576
49000.0
2500.0
343750.0
63235.2941176
740740.740741
99999.9714286
16243.1384615
20914.6341463
11046.5116279
4166.66666667
10151.2631579
75000.0
45454.5454545
10000.0
166292.467742
41666.6666667
37500.0
5952.38095238
583333.333333
2380.95238095
14880.9047619
100000.0
83586.826087
26000.0
19047.5714286
241114.741935
33000.0
3060.0
15395.3488372
317460.31746
191666.666667
-105263.157895
175000.0
272727.272727
15496.1038961
109650.714286
112467.205128
517142.857143
222222.222222
16949.1525424
31884.057971
80000.0
77777.7777778
10000.0
105263.157895
205479.452055
86928.875
270833.333333
200000.0
16666.6666667
108108.108108
85714.2857143
121696.555556
7022.38095238
22222.2222222
-95238.0952381
170000.0
10000.0
7812.5
90909.0909091
1350000.0
2380.95238095
160086.982143
150000.0
114521.941176
13636.3636364
80468.75
2051.11363636
3692.30769231
113781.25
59523.8095238
83226.0
27777.7777778
89431.2608696
16666.6666667
769230.769231
322580.645161
218750.0
116666.666667
350877.192982
250000.0
107142.857143
1892388.88889
233333.333333
1200000.0
113246.3125
5405.40540541
13157.8947368
1259459.45946
222222.222222
1875000.0
636363.636364
142857.142857
40384.6153846
178571.428571
300000.0
252380.952381
35294.1176471
8140000.0
202531.64557
172727.272727
921052.631579
454545.454545
42857.1428571
13709.6774194
888888.888889
400000.0
83333.3333333
13333.3333333
-100000.0
321666.666667
1600000.0
76922.0769231
4038.46153846
7936.50793651
250000.0
28846.1538462
350000.0
180000.0
406250.0
6097560.97561
241935.483871
110000.0
187500.0
71052.6315789
242857.142857
1250000.0
136363.636364
2653846.15385
78787.8787879
172222.222222
1041666.66667
145833.333333
7878.78787879
153846.153846
555555.555556
117647.058824
171428.571429
485714.285714
87179.4871795
173076.923077
42857.1428571
8771.92982456
112500.0
250000.0
156284.53125
431034.482759
315789.473684
16363.6363636
237288.135593
306122.44898
76923.0769231
178082.191781
52941.1764706
90909.0909091
8064.51612903
181818.181818
517241.37931
285714.285714
76923.0769231
12104.326087
558441.558442
139162.24
250000.0
178571.428571
25000.0
500000.0
28985.5072464
11395348.8372
20000.0
62500.0
7500.0
4166.66666667
270270.27027
150000.0
5000.0
102040.816327
135135.135135
2101.44927536
26315.7894737
217500.0
48484.8484848
15351.3513514
30953.4651163
217391.304348
20057.4318182
301369.863014
138888.888889
101333.333333
52173.9130435
27426.7076923
140000.0
8181.81818182
147058.823529
487804.878049
111111.111111
38461.5384615
3225.80645161
176470.588235
277777.777778
41666.6666667
269230.769231
300000.0
96153.8461538
9444.44444444
24641.0240964
2777.77777778
88888.8888889
164000.0
31578.9473684
862.068965517
88607.5949367
50500.0
95238.0952381
54347.826087
242857.142857
61224.4897959
22727.2727273
156250.0
238095.238095
316326.530612
80597.0149254
7575.75757576
462962.962963
23076.9230769
46521.7391304
2833333.33333
422000.0
255737.704918
17901.2716049
400000.0
84423.0769231
410714.285714
413333.333333
26086.9565217
250000.0
13913.2444444
1351351.35135
202702.702703
124444.444444
6000.0
31250.0
1500000.0
410958.90411
167741.935484
143750.0
95833.3333333
2000000.0
437500.0
166666.666667
120000.0
563380.28169
7720.58823529
38461.5384615
55555.5396825
30612.244898
12500.0
384615.384615
466666.666667
48986.4864865
375000.0
188679.245283
116764.705882
1387096.77419
182926.829268
62500.0
935483.870968
61538.4615385
14285.7142857
2650000.0
230769.230769
49242.4242424
151515.151515
125000.0
64516.1290323
20000.0
107142.857143
224137.931034
18750.0
123076.923077
130952.380952
22222.2222222
5555.55555556
625000.0
26415.0943396
211267.605634
441176.470588
92424.2424242
177083.333333
114814.814815
625000.0
140845.070423
205888.888889
146341.463415
20270.2702703
2985.07462687
181818.181818
36363.6363636
44444.4444444
35714.2857143
600000.0
76375.0
128205.128205
969000.0
10000.0
43209.8765432
50000.0
187500.0
238095.238095
65651.4545455
46875.0
23809.5238095
58333.3333333
517543.859649
205128.205128
50000.0
11153.7692308
4500.0
15789.4736842
185714.285714
3197.6744186
276119.402985
520833.333333
423728.813559
195238.095238
210.526315789
18750.0
203571.428571
4166.66666667
57250.0
283636.363636
20408.1632653
491803.278689
5781.25
280000.0
68235.2941176
1450000.0
206896.551724
285714.285714
16129.0322581
72727.2727273
415094.339623
10344.8275862
113636.363636
64610.0
712500.0
31423.6111111
37313.4328358
1012.5
177777.777778
36250.0
2500000.0
151063.829787
789473.684211
146341.463415
368421.052632
225862.068966
1178571.42857
83333.3333333
21041.6666667
52000.0
47368.4210526
55555.5555556
69230.7692308
718309.859155
217391.304348
1000.0
121428.571429
96153.8461538
877.192982456
74500.8214286
29107.1428571
23076.9230769
60000.0
4561.36231884
54545.4545455
76923.0769231
2340425.53191
12436.5945946
22439.6551724
2604.16666667
62500.0
2073170.73171
1785.71428571
109090.909091
4354838.70968
61728.3950617
37036.962963
722.777777778
15000.0
177419.354839
38879.254902
111111.111111
1000000.0
125000.0
262964.833333
97222.2222222
138888.888889
32916.6666667
95238.0952381
90876.7272727
83436.9836066
117647.058824
309090.909091
167213.114754
555555.555556
270270.27027
1639344.2623
153846.153846
50000.0
237500.0
61133.8513514
900000.0
76923.0769231
414634.146341
31250.0
23437.5
62068.9655172
45454.5454545
58333.3333333
6250.0
323529.411765
64000.0
98148.1481481
66666.6666667
54878.0487805
323529.411765
137254.901961
28301.8867925
400000.0
5084745.76271
18750.0
16666.6666667
35795.4545455
35714.2857143
349206.349206
1315.78947368
78947.3684211
142857.142857
28846.1538462
6584.65217391
86666.6666667
23809.5238095
420000.0
6250.0
961538.461538
23255.8139535
2500.0
28184.6153846
18750.0
10416.6666667
133333.333333
521250.0
13548.3870968
101694.915254
258064.516129
56226.2982456
10185.1851852
128571.428571
15333.3333333
30833.3333333
90909.0909091
78431.372549
92592.5925926
7665.90625
174603.174603
62406.3333333
5546.71830986
13685.2727273
34210.5263158
16014.7058824
726785.714286
300000.0
72463.7681159
73684.2105263
20679.4827586
45454.5454545
7746.47887324
1176.47058824
23000.0
21379.3103448
181818.181818
800000.0
22745.9772727
23214.2857143
13888.8888889
221333.333333
39285.7142857
214285.714286
3647.05882353
10653.1428571
163636.363636
764705.882353
98591.5492958
1400000.0
27083.3333333
42916.6666667
29000.0
196129.032258
241379.310345
28048.7804878
13890.9090909
11494.2528736
67379.6229508
67246.5588235
491803.278689
76190.4761905
1838.23529412
6666.66666667
500000.0
254237.288136
177215.189873
218750.0
79166.6666667
467857.142857
37500.0
54510.654321
272727.272727
48780.5609756
716666.666667
568181.818182
200000.0
131578.947368
345238.095238
302325.581395
2777.77777778
181355.932203
158583.689655
42307.6923077
145000.0
9262.2037037
923392.842105
6617647.05882
333333.333333
8511.57575758
157894.736842
225000.0
52272.7272727
12380.952381
129411.764706
21739.1304348
97222.2222222
28846.1538462
17795.6208696
322222.222222
92857.1428571
1048387.09677
175438.666667
46000.0
106694.962264
63636.3636364
1720000.0
30238.0952381
170000.0
89285.7142857
103333.333333
107692.307692
166666.666667
250000.0
351666.666667
237662.337662
1171875.0
270270.27027
178571.428571
235294.117647
187500.0
111340.909091
117391.304348
448979.591837
10769.2307692
144927.536232
2659.57446809
13000.0
396825.396825
21875.0
119117.647059
675925.925926
69615.3846154
83333.25
331428.571429
143939.393939
198275.862069
113636.363636
111111.111111
17857.1428571
23312.8333333
61224.4897959
39024.2926829
18421.0526316
7142.85714286
568181.818182
-1246931.0
31561.74
84694.8095238
895348.837209
20689.6551724
230769.230769
916666.666667
482719.818182
111111.111111
1923.07692308
14629.2923077
178571.428571
339285.714286
311363.636364
70935.7183099
111111.092593
20880.2333333
1470.58823529
38461.5384615
31428.5714286
14925.3731343
42500.0
7862.06896552
105263.157895
1875.0
178571.428571
41666.6666667
600000.0
2250.0
13062.1587302
23255.8139535
78363.6363636
7142.85714286
22222.2222222
158536.585366
106263.636364
138513.5
37037.037037
275362.318841
144000.0
1666666.66667
19500.0
4210.52631579
7442.30769231
250000.0
4347.82608696
111111.111111
1500.0
11878.6428571
48780.4878049
24691.3580247
65625.0
171428.571429
225000.0
162500.0
15942.0289855
44616.025641
3412.6984127
64516.1290323
119047.642857
7421.94339623
33333.3333333
126666.666667
144736.842105
1785.71428571
42553.1914894
560000.0
23255.8139535
156250.0
33333.3333333
90909.0909091
176470.588235
10526.3157895
27307.6923077
3911.76470588
377777.777778
7250.0
526315.789474
301.204819277
55357.1428571
183333.333333
20689.6551724
28307.6923077
76923.0769231
1621521.6087
23917.6470588
5555.55555556
68267.6153846
25000.0
714285.714286
41935.483871
20454.5454545
82152.9534884
1500.0
41666.6666667
326086.956522
222601.849315
416666.666667
7456.14035088
450000.0
869565.217391
47995.8181818
2666.66666667
109090.909091
483461.47561
2254.90196078
142857.142857
30232.5581395
90909.0909091
2044.89795918
19607.8431373
90909.0909091
352380.952381
473684.210526
1200.0
42333.3333333
233333.333333
39062.5
208333.333333
19570.0882353
1785714.28571
350000.0
5000000.0
183333.333333
7142.85714286
833333.333333
909090.909091
292857.142857
416.666666667
665074.037037
250000.0
492063.492063
555555.555556
69444.4444444
40909.0909091
27272.7454545
625000.0
113636.363636
40000.0
202702.702703
230769.230769
92537.3134328
23333.3333333
91489.3617021
294117.647059
337755.647059
40000.0
943396.226415
41304.173913
266194.0
82499.975
50750.0
166666.666667
1481.48148148
141304.391304
13636.3636364
161666.666667
434782.608696
58974.3589744
38709.6774194
100000.0
125000.0
288461.538462
339285.714286
83333.3333333
25000.0
185714.285714
147058.823529
53191.4893617
223404.255319
9375.0
96874.9166667
1016949.15254
2200000.0
33750.0
1587.3015873
1562.5
769230.769231
32510.1612903
15384.6153846
36231.884058
59506.3508772
198000.0
208333.333333
292857.142857
339622.641509
57142.8571429
7857.14285714
32786.8852459
128205.128205
1333333.33333
178571.428571
143243.243243
554054.054054
178571.428571
12187.5
50000.0
15151.5151515
714.285714286
60000.0
933333.333333
41509.4339623
226415.09434
248076.923077
233333.333333
180242.873016
147058.823529
19736.8421053
434782.608696
114814.814815
73913.0434783
7142.85714286
840000.0
11363.6363636
98360.6557377
1055555.55556
416666.666667
216666.666667
27027.027027
24000.0
81132.0754717
14436.8604651
125000.0
471698.113208
742187.5
7113.51851852
166666.666667
68181.8181818
204918.032787
33333.3333333
1250000.0
3000000.0
55555.5555556
13888.8888889
263157.894737
12162.1621622
483870.967742
76086.9565217
168461.538462
2040.81632653
2500.0
11671.5116279
1200.0
347222.222222
11111.1111111
2500.0
94339.6226415
11458.3333333
306122.44898
2637.25806452
39215.6862745
196183.0
29545.4545455
357.142857143
5555.55555556
3846.15384615
19016.6666667
46562.5263158
70000.0
11999.875
7317.07317073
140350.877193
205882.352941
90177.5245902
6120.68965517
12573.8194444
121323.529412
78955.2631579
25000.0
200000.0
108455.405405
5294.11764706
38709.6774194
14183.6734694
156250.0
21739.1304348
62500.0
625000.0
241379.310345
151162.790698
192307.692308
33333.3333333
74626.8656716
465116.27907
35849.0566038
13333.3333333
4867924.5283
3292.68292683
42553.1702128
60000.0
7608.69565217
37735.8490566
3731.34328358
11320.754717
2000.0
588235.294118
288888.888889
200000.0
6364.86486486
264285.714286
100782.545455
38142.7878788
55555.5555556
21562.5
51282.0512821
21363.6363636
35227.2727273
8928.57142857
169491.525424
484375.0
16708.8607595
164285.742857
1506849.31507
400000.0
3983.94827586
333333.333333
2500.0
227659.574468
272727.272727
33333.3333333
343750.0
120000.0
43859.6491228
237288.135593
35714.2857143
8333.33333333
113636.318182
470588.235294
5084.74576271
78117.828125
16666.6666667
113414.634146
120967.741935
314285.714286
400000.0
75000.0
121951.219512
60975.6097561
1725000.0
157894.736842
250000.0
12239.9642857
45454.5454545
468750.0
4545.45454545
200000.0
232558.139535
133333.333333
234883.72093
431034.482759
245098.039216
20231.7209302
8783.78378378
23529.4117647
160000.0
125000.0
720000.0
115000.0
234170.380952
111888.418182
100000.0
76470.5882353
125000.0
194827.586207
5000.0
20000.0
2040.81632653
57971.0144928
26785.7142857
217391.304348
24242.4242424
1410714.28571
16666.6666667
289473.684211
200000.0
43333.3333333
281250.0
500000.0
13725.4901961
85074.6268657
33333.3333333
845454.545455
63157.8947368
206140.350877
13333.3333333
78947.3684211
141666.666667
18000.3333333
285714.285714
23750.0
38461.5384615
92592.5925926
11061.2244898
80000.0
337349.39759
22083.3333333
40625.0
-250000.0
12820.5128205
323529.411765
15789.4736842
825581.395349
102564.102564
16532.4
65937.3142857
980.392156863
2600000.0
10344.8275862
190476.190476
43431.2941176
666666.666667
327272.727273
1000000.0
51152.6923077
21428.5714286
187500.0
40000.0
545454.545455
3389.83050847
1033333.33333
72222.2222222
65789.4736842
5238.0952381
700000.0
96093.75
125000.0
612645.884615
7000.0
43157.8947368
10416.6666667
80645.1612903
125000.0
14705.8823529
177083.333333
37036.537037
163265.306122
2857.14285714
174528.301887
1086956.52174
7812.5
15000.0
10747.0943396
93762.4375
312500.0
250000.0
166666.666667
3448.27586207
1263157.89474
865384.615385
127272.727273
70175.4385965
269230.769231
1000000.0
2783.10714286
200000.0
160211.313725
36170.212766
8333.33333333
53026.3157895
74468.0851064
17499.1265823
197500.0
1666.66666667
25000.0
1133333.33333
187714.285714
11639.3442623
55555.5555556
23636.3636364
22058.8235294
55555.5555556
109523.809524
44117.6470588
90909.0909091
166666.666667
2884.61538462
41666.6666667
3124.83333333
38157.8947368
23297.8723404
125000.0
188888.888889
30120.4819277
313725.490196
160000.0
857.142857143
510956.126984
583333.333333
22671.34375
93235.2941176
200000.0
769230.769231
185185.185185
125011.947368
200000.0
42472.641791
34090.9090909
333.333333333
23255.8139535
28571.4285714
23913.0434783
7142.85714286
20833.3333333
33333.3333333
476190.47619
9322.11538462
3125.0
35714.2857143
500000.0
50000.0
71428.5714286
30000.0
2000.0
31944.4444444
58823.5294118
81818.1818182
17048.45
64102.5641026
531914.893617
283018.867925
581081.081081
1600.0
76923.0769231
30602.5
1034482.75862
1063829.78723
29411.7647059
25442.1904762
833333.333333
13333.3333333
55555.5555556
7042.25352113
21772.7272727
10526.3157895
8108.0
27272.7272727
75000.0
83333.3333333
10454.5454545
631578.947368
5746.40350877
26315.7894737
4729.72972973
4901.96078431
250000.0
18867.9245283
90909.0909091
37037.037037
314814.814815
2142.85714286
750000.0
32040.0
52380.952381
57971.0144928
32354.1666667
781250.0
70000.0
250000.0
100000.0
435594.75
153846.153846
44642.8571429
17647.0588235
26190.4761905
243902.439024
14285.7142857
177419.354839
184839.807692
131578.947368
823529.411765
260000.0
500000.0
97401.8571429
133333.333333
248947.368421
421052.631579
125000.0
35000.0
29375.0
7686274.5098
16666.6666667
142857.142857
71428.5714286
45454.5454545
61224.4897959
10526.3157895
16666.6666667
350000.0
384615.384615
191836.734694
25000.0
23255.8139535
75000.0
1492.53731343
118750.0
48648.6486486
558823.529412
7352.94117647
623376.623377
681818.181818
76086.8695652
22727.2727273
62500.0
83333.3333333
90000.0
29411.7647059
120000.0
4981.25454545
360000.0
9375.0
115384.615385
480.769230769
769230.769231
46185.1851852
2127.65957447
60344.8275862
15000.0
10000.0
125000.0
11086.9565217
14287.3285714
44444.4444444
83333.3333333
5000.0
33333.3333333
50000.0
100000.0
100000.0
103448.275862
32954.5454545
55555.5555556
33653.8461538
740740.740741
250000.0
195121.95122
277777.777778
7894.73684211
120754.716981
50000.0
28735.5287356
1281250.0
58823.5294118
555555.555556
12500.0
370370.37037
5370.37037037
192307.692308
3703.7037037
182692.307692
11194.0447761
51428.5714286
14913.7931034
45454.5454545
4032.25806452
1612903.22581
6250.0
197058.823529
10937.5
39215.6862745
6200.0
13281.25
140000.0
400000.0
130000.0
113095.238095
6826.66666667
58536.5853659
146341.463415
430769.230769
8928.57142857
26315.7894737
121212.121212
43478.2608696
459770.114943
39838.8571429
4255.31914894
62500.0
250000.0
134146.341463
95021.1081081
32608.6956522
3863.63636364
185185.185185
250000.0
98039.2156863
1585.36585366
666666.666667
641025.641026
57142.8571429
30303.030303
133333.333333
550000.0
333333.333333
37037.037037
52631.5789474
588.235294118
45000.0
11200.0
45454.5454545
565217.391304
326530.612245
43478.2608696
29166.6666667
265060.240964
16296.2962963
142857.142857
160000.0
750000.0
15999.92
82764.5238095
4347.82608696
1250.0
40464.5675676
5555.55555556
70000.0
43750.0
29166.6666667
153846.153846
260000.0
7352.94117647
3030.3030303
169696.969697
13157.8947368
2500000.0
235555.555556
546196.344828
83333.3333333
1000.0
108695.652174
22300.0
775000.0
166666.666667
13636.4545455
163636.545455
6666.66666667
6024.09638554
3571.42857143
2142.85714286
6250.0
4166.66666667
25000.0
6785.71428571
270270.27027
10000.0
357894.736842
107109.375
152173.913043
279069.767442
101923.076923
1824993.0
238095.238095
13333.3333333
83333.3333333
97656.25
28571.4285714
57063.5
16666.6666667
253164.556962
28846.1538462
5970.14925373
55555.5555556
21428.5714286
16448.4210526
131147.540984
2380.95238095
3472.22222222
65217.3913043
25000.0
3333.33333333
92307.6923077
3888.88888889
581425.961538
161764.705882
350877.192982
1683333.33333
23276.3492063
1926086.95652
4632.71604938
15625.0
678333.333333
107692.307692
21739.1304348
104166.666667
5639.53488372
175000.0
49282.5178571
48192.7710843
18000.0
11825.0
197435.897436
4385.96491228
125000.0
1829.26829268
222222.222222
767441.860465
141040.0
212500.0
166666.666667
400000.0
114285.714286
160664.133333
38750.0
22727.2727273
21428.5714286
11111.1111111
40178.5714286
55350.877193
16666.6666667
47619.047619
139534.883721
62500.0
83333.3333333
166666.666667
14375.0
15151.5151515
27777.7777778
657.894736842
110000.0
36363.6363636
344444.444444
202702.702703
434259.02381
48387.0967742
611111.111111
543478.26087
206666.666667
41666.6666667
16129.0322581
42857.1428571
125000.0
455000.0
270270.27027
27868.852459
20000.0
14705.8823529
46666.6666667
318750.0
60000.0
5000.0
11805.5555556
14911.0384615
1785.71428571
300000.0
58139.5348837
35714.2857143
16230.9090909
68786.862069
111111.111111
169.491525424
59680.1481481
37500.0
150000.0
2112676.05634
394736.842105
45862.0689655
31746.031746
40000.0
384615.384615
42045.4545455
93673.1481481
96000.0
28888.8888889
19354.8387097
21818.1818182
111111.111111
308333.333333
223529.411765
365853.658537
373134.328358
38882.1492537
2894.73684211
960000.0
13600.0
64777.75
46428.5714286
125000.0
51851.8518519
16313.94
6015.46666667
38461.5384615
1000000.0
234693.877551
340425.531915
33392.8571429
24390.2439024
29411.7647059
266666.666667
3846.15384615
293334.174603
50000.0
-357142.857143
64000.0
202380.952381
3125.0
33783.5135135
283333.333333
177419.354839
81081.0810811
5555.55555556
666666.666667
50000.0
200000.0
22222.2222222
14467.1818182
134695.767442
1000000.0
18000.0
20370.3703704
2000000.0
568.181818182
354166.666667
363636.363636
340425.531915
7000.0
74074.0740741
4166.66666667
38035.7142857
3000000.0
200000.0
909090.909091
83333.3333333
13940.0
205882.352941
163144.741935
1000000.0
89552.238806
120067.5
44117.6470588
352941.176471
76923.0769231
185714.285714
181818.181818
91153.8461538
111111.111111
679012.345679
168674.698795
1720000.0
100000.0
111111.111111
178082.191781
83333.3333333
29850.7462687
157142.857143
45467.5
38541.6666667
17857.1428571
1153846.15385
83720.9302326
714285.714286
50675.6756757
619131.315789
100000.0
258620.689655
125000.0
239130.434783
150000.0
63265.3061224
199819.028986
64100.0
388888.888889
5263.15789474
354838.709677
632911.392405
681818.181818
171052.631579
32142.8571429
9523.80952381
28409.0909091
344827.586207
4000.0
857142.857143
300000.0
114955.137255
366666.666667
31578.9473684
1363636.36364
2571.42857143
29850.7462687
173913.043478
72727.2727273
35483.8709677
16000.0
51282.0512821
150000.0
35820.8955224
100000.0
758620.689655
821428.571429
15430.2162162
142857.142857
115983.606557
135593.220339
11363.6363636
463636.363636
937500.0
114583.333333
55319.1489362
50000.0
19753.0864198
555555.555556
100000.0
137931.034483
98039.2156863
297619.047619
108213.333333
38461.5384615
104166.666667
230000.0
312500.0
5450000.0
150000.0
145454.545455
1110926.1
55555.5555556
458333.333333
16666.6666667
36852.1333333
4081.63265306
807692.307692
40000.0
731707.317073
42857.1428571
48578.1641791
18571.4285714
666666.666667
40000.0
34883.7209302
16944.4444444
468750.0
32000.0
35849.0566038
71428.5714286
196666.666667
9523.80952381
118518.518519
22575.7575758
37500.0
23275.862069
3588.23529412
93023.255814
188679.245283
1866666.66667
384615.384615
107142.857143
10833.3333333
124000.0
121951.219512
232558.139535
21739.1304348
17857.1428571
84745.7627119
15384.6153846
362068.965517
71052.6315789
100000.0
875000.0
284090.909091
25312.0243902
3690.47619048
254219.26087
31250.0
184615.384615
187500.0
82142.8571429
31250.0
68181.8181818
300000.0
918181.818182
425000.0
394736.842105
3309702.68966
18750.0
88174.6486486
5000.2
38234.1891892
61538.4615385
17446.8085106
363636.363636
453653.117647
192307.692308
250000.0
6250.0
31022.05
180000.0
416.666666667
2309.46753247
32222.2222222
500000.0
64705.8823529
95238.1111111
26315.7894737
2941.17647059
56944.4444444
162162.162162
74074.0740741
218367.346939
16502.0
240740.740741
33333.3333333
23913.0434783
473684.210526
97916.6666667
5555.55555556
99580.4769231
40000.0
250000.0
118750.0
128571.428571
7708.33333333
12280.7017544
827586.206897
31746.031746
122222.222222
24193.516129
179487.179487
28571.4285714
75000.0
1785.71428571
26315.7894737
24042.5531915
365853.658537
1276595.74468
37179.4871795
86956.5217391
31363.6363636
1794871.79487
9090.90909091
10000.0
38461.5384615
133333.333333
37630.5454545
71428.5714286
171428.571429
107142.857143
268965.517241
206896.551724
1176470.58824
649784.375
204081.632653
586206.896552
160000.0
303030.30303
31818.1818182
65789.4736842
333333.333333
42272.7272727
28846.1538462
420000.0
109375.0
1875000.0
50000.0
300000.0
24444.4444444
3588.23529412
5190.0
16949.1525424
69896.7906977
31157.9480519
111111.111111
952.380952381
287500.0
183673.469388
12500.0
189873.417722
403225.806452
5225.93877551
19186.6666667
45454.5454545
100000.0
76811.5942029
188679.245283
1981.66666667
30000.0
204081.632653
66666.6666667
26470.5882353
60000.0
24626.8072289
2500000.0
31250.0
30952.3809524
125000.0
952.380952381
344827.586207
53030.3030303
458333.333333
312500.0
372549.019608
41666.6666667
20000.0
300000.0
375000.0
3620.75862069
315789.473684
16666.6666667
181818.181818
153846.153846
49295.7746479
26129.3333333
155555.555556
440000.0
1923076.92308
46511.627907
20918.3921569
30303.030303
250000.0
60000.0
11111.1111111
423728.813559
23809.5238095
37037.037037
500000.0
58823.5294118
18750.0
145145.357143
62500.0
1219.51219512
51724.137931
21869.1016949
29268.2926829
29083.3333333
21052.6315789
266666.666667
100000.0
1250.0
10217.3913043
2173.91304348
96153.8461538
5000.0
13636.3636364
27940.7636364
96.1538461538
156250.0
100000.0
58333.3333333
263888.888889
67758.8181818
909.090909091
30121.2121212
90909.0909091
26449.6470588
31530.1688312
8898.30508475
58823.5294118
9433.96226415
185714.285714
392156.862745
13888.8888889
68965.5172414
188888.888889
22569.4444444
21428.5714286
370370.37037
125000.0
11521.7391304
12000.0
7142.85714286
333333.333333
91304.3478261
14285.7142857
56000.0
230000.0
34090.9090909
23809.5238095
29032.2580645
69185.6170213
4525.0
104166.666667
119495.75
1176470.58824
136111.111111
90909.0909091
112500.0
35051.9310345
400000.0
138157.894737
350000.0
5682.09090909
3658.53658537
44117.6470588
45454.5454545
78947.3684211
47619.047619
21212.1212121
657894.736842
52083.3333333
254901.960784
204545.454545
13461.5384615
10714.2857143
69696.969697
93220.3389831
3823.52941176
9375.0
133333.333333
146341.463415
882352.941176
85714.2857143
19326.9230769
20882.3529412
1200.0
20833.3333333
18026.3157895
5684.21052632
1379310.34483
33333.3333333
5000.0
57692.3076923
8928.57142857
20000.0
666666.666667
320000.0
6000.0
70000.0
203571.428571
555555.555556
750000.0
72857.1428571
20588.2352941
1027397.26027
54545.4545455
112500.0
140625.0
318181.818182
330000.0
121276.595745
446808.510638
46774.1935484
68888.8888889
536585.365854
252272.727273
11250000.0
1666.66666667
189919.090909
1228947.22581
1066.66666667
6300.0
78027.5
2727.27272727
46731.721519
3966.66666667
1036585.36585
310344.827586
10625.0
3333.33333333
5000.0
53571.4285714
290909.090909
81255.0
52173.9130435
146153.846154
337837.837838
1724.13793103
483870.967742
36585.3658537
578947.368421
134615.384615
24411.7647059
26785.7142857
13157.8947368
1176.47058824
3422.5625
7181.84415584
5555.55555556
27333.3333333
306122.44898
42592.5967742
230769.230769
247923.878788
30673.0277778
235294.117647
120512.820513
15307.96
115454.545455
94339.6226415
255319.148936
610000.0
109728.844444
130437.521739
310000.0
86666.6666667
13636.3636364
39024.3902439
39285.7142857
7068.96551724
90909.0909091
540000.0
202380.952381
25000.0
277777.777778
71875.0
23437.5
75000.0
416666.666667
38461.5384615
504243.076923
42500.0
54347.826087
238095.238095
1666.66666667
400000.0
90909.0909091
1111.11111111
3571.42857143
395555.555556
590163.934426
107692.307692
33333.3333333
12659.5744681
1590.90909091
428571.428571
266666.666667
13461.5384615
463380.77551
117647.058824
212121.212121
24999.0
66666.6666667
250000.0
2204.0625
61538.4615385
125000.0
517241.37931
37037.037037
125000.0
182261.758621
16216.2162162
36111.1111111
166666.666667
26315.7631579
70000.0
113636.363636
461538.461538
1388.88888889
42253.5211268
10714.2857143
1041.66666667
14000.0
13636.3636364
39473.6842105
154761.904762
293103.448276
88235.2941176
50817.2307692
95890.4109589
714285.714286
4838.70967742
31250.0
12096.7580645
600000.0
35454.5454545
1388888.88889
490196.078431
14166.6666667
281690.140845
67307.6923077
1000000.0
48251.6923077
400000.0
181111.111111
22727.2727273
50000.0
200000.0
458333.333333
25000.0
750000.0
15000.0
33333.3333333
177083.333333
298000.0
776923.076923
3947368.42105
41979.2166667
40769.2307692
125000.0
142857.142857
-6129.5
4411.76470588
222222.222222
32142.8571429
14925.3731343
1190476.19048
1818.18181818
2702.7027027
7045.45454545
23333.3333333
70000.0
614285.714286
61314.4090909
183098.591549
25862.0689655
21428.5714286
49545.4545455
130930.782609
85714.2857143
150000.0
217391.304348
523809.52381
1111.11111111
79545.4545455
600000.0
19047.6190476
48395.804878
166666.666667
65089.5789474
10000.0
44117.6470588
19000.0
152777.777778
8620.68965517
142857.142857
159090.909091
47000.0
44827.5862069
219178.082192
62500.0
227272.727273
6173.46938776
1325000.0
4545.45454545
125000.0
125000.0
13125.0
161290.322581
87500.0
69743.5897436
21250.0
312500.0
18987.3417722
232558.139535
50000.0
311666.666667
8333.33333333
11363.6363636
319822.533333
5630.66071429
375000.0
305555.555556
2000.0
96969.6969697
66447.3684211
46428.5857143
296296.296296
33333.3333333
8064.51612903
1243902.43902
28125.0
15000.0
285714.285714
348837.209302
18333.3333333
10070.0
14705.8823529
99999.9866667
58510.546875
100000.0
47857.1428571
305555.555556
291666.666667
1538461.53846
157894.736842
911764.705882
15306.122449
40117.2307692
7266.66666667
75000.0
100000.0
12000.0
8928.57142857
35714.2857143
8571.42857143
10000.0
147540.983607
64301.8867925
370.37037037
1000000.0
769230.769231
435897.435897
37036.4444444
83963.75
31250.0
3488.37209302
250000.0
38461.5384615
230769.230769
5000.0
4000.0
443589.74359
1100000.0
166666.666667
666666.666667
2500.0
555555.555556
55555.5555556
-6666.66666667
59280.0357143
717948.717949
224000.0
5952.38095238
72144.75
260000.0
18309.8591549
833.333333333
84000.0
30303.030303
100000.0
66666.6666667
8333.33333333
181818.181818
175000.0
35000.0
1000.0
40810.9459459
603691.75
11297.2972973
464285.714286
26785.7142857
4360.46511628
92592.5925926
1234567.90123
85000.0
30000.0
134146.341463
243902.439024
7575.75757576
66666.6666667
1333333.33333
307692.307692
30000.0
76470.5882353
32258.0645161
17102.5396825
2500.0
5454.54545455
105263.157895
153846.153846
375000.0
30000.0
12500.0
75000.0
163243.3
138888.888889
134146.341463
500000.0
216666.666667
52380.952381
37037.037037
26923.0769231
184210.526316
397142.857143
166666.666667
137254.901961
16666.6666667
16538.4615385
500000.0
85937.5
50000.0
17857.1428571
250000.0
8653.84615385
142857.142857
149038.461538
325071.0
560000.0
765010.648649
125000.0
18333.3333333
45454.5454545
113207.54717
1055555.55556
40476.1904762
159090.909091
14526.3157895
436.046511628
116666.666667
28571.4285714
30208.3333333
143589.74359
250000.0
2777777.77778
127659.574468
10000.0
60000.0
73333.3333333
203703.703704
10864.2428571
41095.5223881
40645.1612903
11666.6666667
2439.02439024
128205.128205
1111.04444444
50735.2647059
54166.6666667
67058.8235294
70588.2352941
4000.0
125000.0
31904.7619048
27027.027027
88235.2941176
533333.333333
1363636.36364
281250.0
28005.1481481
185106.382979
19375.0
95238.0952381
34090.9090909
51218.75
1231763.48235
10121.9512195
20833.3333333
166666.666667
2250.0
11363.6363636
290322.580645
3703.7037037
71891.8648649
21739.1304348
29812.5625
145161.290323
375000.0
10416.6666667
555844.155844
254716.981132
40816.3265306
346153.846154
59016.3934426
384615.384615
83031.3
625000.0
85554.0952381
115498.307692
769230.769231
944444.444444
1250000.0
196428.571429
26000.0
117563.225806
123536.216216
454545.454545
31578.9473684
250000.0
50000.0
8211.52380952
26739.1304348
916666.666667
744680.851064
208333.333333
19230.7692308
2500.0
16666.6666667
1744186.04651
2411667.26667
593220.338983
15517.2413793
24489.7959184
138888.888889
32539.6666667
22965.1162791
160000.0
144444.444444
25000.0
60000.0
185253.333333
1521.73913043
662650.60241
500000.0
264705.882353
10526.3157895
52083.3333333
65000.0
2631.57894737
55555.7777778
54545.4545455
123076.923077
375000.0
370370.37037
227272.727273
22222.2222222
857584.836364
33333.3333333
116000.0
3658.53658537
190322.580645
35416.6666667
207692.307692
3333.33333333
38476.425
692307.692308
323529.411765
30303.030303
41666.6666667
15625.0
4000.0
277777.777778
117162.186047
27777.7777778
200000.0
350000.0
1300000.0
188888.888889
439024.390244
50000.0
2916666.66667
75000.0
26315.7894737
11363.6363636
11666.6666667
2500.0
200000.0
80000.0
360000.0
77272.7272727
137500.0
96428.5714286
203333.333333
729166.666667
761904.761905
51724.137931
2411.78571429
5400.0
44000.0
285714.285714
7319.62962963
7000.0
64000.0
217391.304348
13815.7894737
52631.5789474
67638.1857143
375000.0
23809.5238095
107142.857143
3428.57142857
179104.477612
93333.3333333
33000.0
31250.0
8333.33333333
32283.2933333
416666.666667
24698.8947368
96969.6969697
42857.1428571
22423.15
1578.94736842
99806.3076923
19230.7692308
380952.380952
22872.3404255
75757.5757576
333333.333333
92776.0
71444.4444444
13043.4782609
20920.8958333
1166666.66667
52058.8235294
29577.4647887
86538.4615385
260000.0
-50000.0
150000.0
2777.77777778
162222.222222
41666.6666667
33297.1162791
491803.278689
20833.3333333
614035.087719
1886792.45283
540197.65
291666.666667
48076.9230769
468750.0
73333.3333333
555555.555556
1200.0
142857.142857
107500.0
30612.244898
147058.823529
186956.521739
50000.0
31250.0
177419.354839
8428.57142857
27586.2068966
25000.0
29787.2340426
9772.72727273
153846.153846
200000.0
26666.6666667
34051.3392857
41509.4339623
769.230769231
74285.7142857
64535.7258065
12096.7741935
27500.0
32051.2820513
189189.189189
1363636.36364
195121.95122
5357.14285714
27990.0
200000.0
11818.1818182
60000.0
97560.9756098
44827.5862069
13000.0
6250.0
151515.151515
41666.6666667
294117.647059
163934.42623
531914.893617
284090.909091
581395.348837
26535.0877193
62500.0
93750.0
147727.272727
10000.0
184210.526316
119230.769231
52631.5789474
9561.40350877
59259.2592593
20000.0
50000.0
84857.1428571
416666.666667
58268.6808511
2083.33333333
26315.7894737
113207.54717
19230.7692308
7058.82352941
75000.0
55555.5555556
41666.6666667
39473.6842105
75000.0
769230.769231
1925.0
964912.280702
14146.8039216
25675.6756757
58498.8
324324.324324
3500.0
37037.037037
100000.0
22619.047619
257637.304348
45454.5454545
25000.0
42307.6923077
208333.333333
175000.0
214285.714286
42372.8813559
53030.3030303
89773.8431373
104545.454545
232558.139535
22258.0645161
56521.7391304
4615.38461538
157012.294118
333333.333333
58139.5348837
125000.0
1562.5
3076.92307692
118518.518519
122222.222222
6521.73913043
112903.225806
216666.666667
28571.4285714
41666.6666667
69444.4444444
3448.27586207
34375.0
22058.8235294
76190.4761905
138888.888889
250000.0
60869.5652174
312500.0
157894.736842
276923.076923
40909.0909091
36111.1111111
40540.5405405
326086.956522
100000.0
7575.75757576
5241.93548387
225806.451613
108695.652174
142857.142857
19183.6666667
367777.777778
25000.0
180000.0
37500.0
7142.85714286
112777.777778
178571.428571
23809.5238095
14189.1351351
25792.8709677
3105.26315789
1000000.0
15400.0
285714.285714
142857.142857
19027.5714286
222222.222222
18750.0
32257.9677419
118750.0
28571.4285714
100000.0
9000.0
10639.9230769
30769.2307692
35714.2857143
15624.96875
114285.714286
769.230769231
4166.66666667
16666.6666667
258064.516129
17857.1428571
40625.0
1774.19354839
100000.0
58333.3333333
333333.333333
1351.35135135
641025.641026
846153.846154
112000.0
194117.647059
262500.0
231034.482759
100000.0
14299.7777778
92307.6923077
600000.0
85714.2857143
39473.6842105
75000.0
49758.5106383
96153.8461538
22448.9795918
595714.190476
15000.0
110909.090909
72916.6666667
1785.71428571
125000.0625
13529.1351351
166666.666667
136363.636364
3191489.3617
11507.9365079
1219.51219512
181818.181818
777777.777778
39250.0
70175.4385965
37028.5714286
80000.0
1600.0
2500.0
3665.06756757
270000.0
47826.0869565
11081.0810811
24390.2439024
51515.1515152
13888.8888889
30405.4054054
13157.8947368
104166.666667
45945.9459459
60714.2857143
23529.4117647
24634.1463415
6000.0
12577.7380952
107142.857143
2857142.85714
192307.692308
38461.5384615
73170.7317073
21052.6315789
20000.0
72400.0
857142.857143
1545454.54545
70370.3703704
58502.8518519
27777.7777778
15625.0
13793.1034483
16250.0
9375.0
235294.117647
17777.7777778
25000.0
107142.857143
86956.5217391
6500.0
300000.0
68292.6829268
25000.0
344615.384615
1153846.15385
535714.285714
678571.428571
10869.5652174
119047.619048
277777.777778
288461.538462
166666.666667
3846.15384615
88888.8888889
163934.42623
23333.3333333
71428.5714286
39473.6842105
92951.0
555555.555556
21276.5957447
4166.66666667
26785.7142857
11666.6666667
147058.823529
40000.0
93750.0
125000.0
769.230769231
23809.5238095
3500.0
32608.6956522
21666.6666667
166666.666667
2631.57894737
18750.0
40000.0
48571.4320988
23076.9230769
55555.9555556
13888.8888889
294117.647059
5882.35294118
153982.928571
70833.3333333
9523.80952381
55555.5555556
3333.33333333
5384.61538462
181818.181818
40816.3265306
57500.0
52631.5789474
31578.9473684
23529.4117647
7692.30769231
40322.5806452
18565.0
16154.4680851
29411.7647059
21739.1304348
47267.1944444
88235.2941176
500000.0
50000.0
80000.0
14722.2222222
24565.2173913
6666.66666667
933333.333333
7558.13953488
17509.8870968
146341.463415
27027.027027
95652.173913
7064.6
100000.0
952.380952381
107142.857143
108108.081081
1142857.14286
71428.5714286
69444.4444444
132258.064516
2325.58139535
243243.243243
171052.631579
1219512.19512
357142.857143
291666.666667
1125000.0
12962.962963
750.0
70588.2352941
380952.380952
342857.142857
85000.0
133333.333333
141521.08
8132.75862069
10000.0
125000.0
93023.255814
55123.8478261
81250.0
34482.7586207
1500.0
95238.0952381
83333.1666667
1960.78431373
27941.1764706
555555.555556
66019.2
326086.956522
250000.0
51162.7906977
66666.6666667
6857.14285714
58064.516129
13658.5365854
135135.135135
166666.666667
10000.0
70175.4385965
218888.888889
7777.77777778
41666.6666667
37179.4871795
8108.10810811
90557.0212766
2750.0
10000.0
6550.57575758
160000.0
459459.459459
93761.7948718
280487.804878
55000.0
5263.15789474
2272.72727273
100876.0
29517.25
134615.384615
57638.8888889
35483.8709677
216981.132075
14285.7142857
32582.1363636
18719.3548387
130434.782609
2352.94117647
454545.454545
2928.57142857
1173.91304348
250000.0
6097.56097561
40816.3265306
114285.714286
61538.4615385
525000.0
38554.2168675
125000.0
28.3333333333
166599.545455
150000.0
35188.4
46818.1818182
6000.0
78571.4285714
6538.46153846
547619.047619
20000.0
1125000.0
16129.0322581
10135.1351351
913636.363636
30526.3157895
48780.4878049
681.818181818
103225.806452
3714285.71429
5405.54054054
784313.72549
71428.5714286
16000.0
136363.636364
135000.0
363636.363636
1562500.0
4411.76470588
92754.5454545
77083.3333333
236842.105263
31428.5714286
30357.1428571
1428.57142857
183870.967742
612.244897959
2272.72727273
37000.0
133333.333333
297826.086957
91666.6666667
109730.740741
40625.0
923076.923077
2985.07462687
38461.5384615
892857.142857
365853.658537
42307.6923077
117647.058824
826086.956522
11935.483871
1768750.0
410256.410256
740.740740741
266666.666667
294117.647059
73846.1538462
250000.0
258779.23913
132075.471698
8316.64864865
50000.0
21610.1694915
364287.75
125000.0
30769.2307692
66666.6666667
158371.194444
250250.0
200000.0
11818.1818182
82352.9411765
345714.285714
163701.358974
83333.3333333
206896.551724
75000.0
2750.0
113207.54717
47222.2222222
62500.0
2000.0
17441.8604651
47500.0
187500.0
75000.0
192307.692308
15151.5151515
120148.55102
83333.3333333
3846.15384615
11111.1111111
6250.0
225000.0
61538.4615385
181818.181818
111111.111111
2631.57894737
130000.0
214285.714286
2874.29850746
175000.0
279069.767442
5000.0
15500.0
37254.9019608
33333.3333333
22142.8571429
266666.666667
9523.80952381
1000000.0
29729.7297297
240740.740741
267863.14
17241.3793103
14298.175
27906.9767442
35714.2857143
55555.5555556
440000.0
625000.0
185185.185185
8580.64516129
7916.66666667
9400.0
69552.0
50218.5517241
57692.3076923
378378.378378
29069.7674419
5000.0
354166.666667
193939.393939
14341.0697674
20000.0
406250.0
425000.0
95140.9636364
265625.0
56666.6666667
171428.571429
186440.677966
1315.78947368
51136.3636364
6363.63636364
48780.4878049
109677.419355
8245.61403509
3846.15384615
20833.3333333
13634.7352941
46250.0
241379.310345
240.0
117021.276596
52838.8888889
65217.3913043
25000.0
19444.4444444
197058.823529
54393.5
4000.0
176470.588235
304347.826087
51724.137931
4000000.0
47142.8571429
392857.142857
108695.652174
231818.181818
2972.97297297
29062.5
278571.428571
41666.6666667
88499.2058824
106250.0
187500.0
4923.07692308
136363.636364
45454.5454545
87500.0
3928.57142857
2380.95238095
279069.767442
23980.7692308
47986.3870968
100000.0
108750.0
6410.25641026
5294.11764706
254545.454545
5555.55555556
34166.6666667
37500.0
41666.6666667
136363.636364
20576.9230769
40000.0
1666.66666667
55555.5555556
75757.5757576
15384.6153846
125000.0
142241.37931
10277.7777778
27272.7272727
90909.0909091
25000.0
6250.0
1666666.66667
205852.941176
272727.272727
3846.15384615
12941.1764706
9615.38461538
25000.0
11111.1111111
23255.8139535
550000.0
416666.666667
420000.0
13461.5384615
170000.0
511764.705882
232558.139535
227272.727273
100000.0
135135.135135
100000.0
75000.0
551282.051282
491666.666667
3571.32142857
16750.0
15000.0
42912.3225806
92307.6923077
130769.230769
41666.6666667
78125.0
11375.0
394736.842105
333333.333333
15625.0
9531.42857143
133333.333333
36363.6363636
195238.095238
232857.142857
13541.6666667
22916.6666667
12500.0
100000.0
75000.0
1000000.0
238095.238095
31247.8863636
437500.0
35294.1176471
24390.2439024
200000.0
35714.2857143
31250.0
36363.6363636
2777.77777778
333333.333333
888888.888889
972222.222222
14705.8823529
56206.8965517
2500.0
8999.975
34365.1363636
7142.85714286
286486.486486
285714.285714
21666.6666667
194444.444444
7000.0
23333.3333333
589743.589744
17543.8596491
1818.18181818
736842.105263
17241.3793103
78125.0
37666.6666667
27777.7777778
894736.842105
500000.0
202857.142857
40194.3157895
3333.33333333
39594.5945946
50000.0
125000.0
65000.0
176470.588235
11111.1111111
1375000.0
250000.0
83333.3333333
34545.4545455
5000.0
62500.0
83333.3333333
69230.7692308
52631.5789474
44905.625
441176.470588
84615.3846154
411764.705882
21428.5714286
103448.275862
375.0
2105.26315789
100000.0
71428.5714286
2777.77777778
230499.9
41666.6666667
62617.28
10379.6666667
202564.102564
12500.0
333333.333333
100000.0
29411.7647059
15625.0
60000.0
111111.111111
13043.4782609
357142.5
-50000.0
340909.090909
13333.3333333
15286.1538462
171875.0
600000.0
93750.0
484848.484848
2539.68253968
83870.9677419
1666.66666667
5000.0
346153.846154
34261.5
1151515.15152
4513.4
95366.7916667
30000.0
44821.1875
100000.0
83333.3333333
38095.2380952
3030303.0303
160714.285714
93023.255814
215437.741935
182454.545455
15382384.5714
102040.816327
357.142857143
645161.290323
83333.3333333
500.0
375000.0
15312.3636364
2777.77777778
157444.444444
22222.2222222
100000.0
231637.744186
32903.8636364
260869.565217
31818.1818182
104687.5
555555.555556
30303.030303
28483.0952381
26666.7142857
1750000.0
100000.0
1754.36842105
364583.333333
101449.275362
62500.0
50000.0
10000.0
16666.6666667
109523.809524
21428.5714286
209080.115385
76923.0769231
48000.0
2500.0
196153.846154
48275.862069
8000000.0
29250.0
454545.454545
425.531914894
2000000.0
52000.0
88235.2941176
114489.734694
7142.85714286
160714.285714
64102.5641026
5000.0
8333.33333333
200000.0
250000.0
58823.5294118
386363.636364
35135.1351351
10000.0
269666.666667
2250.0
500000.0
125000.0
33333.3333333
77500.0
508064.516129
150000.0
96428.5714286
3703.7037037
26315.7894737
266666.666667
39534.8837209
2142.85714286
100000.0
5161.29032258
11921.0526316
31250.0
214285.714286
166666.666667
464285.714286
37037.037037
23768.5555556
40000.0
5689.65517241
1000000.0
500000.0
90909.0909091
1875.0
16129.0322581
298076.923077
32500.0
142857.142857
136363.636364
108333.333333
5945.94594595
62973.3939394
166666.666667
2884.61538462
47619.047619
75000.0
357142.857143
308823.529412
12500.0
625000.0
224137.931034
760000.0
87500.0
333333.333333
90909.0909091
160714.285714
91395.2173913
2272.72727273
8695.65217391
200000.0
58766.6666667
200000.0
379310.344828
55555.5555556
530303.030303
93442.6229508
71428.5714286
14750.0
93750.0
13333.3333333
160833.333333
500000.0
300000.0
33333.3333333
75000.0
15430.0
7772.02857143
201634.615385
1562.5
166666.666667
314814.814815
53269.2307692
76923.0769231
137500.0
323529.411765
13888.8888889
227272.727273
16428.5714286
41666.6666667
105263.157895
140000.0
700000.0
4347.82608696
31578.9473684
344827.586207
10142.8571429
47368.4210526
2272.72727273
500000.0
187500.0
27500.0
100000.0
522727.272727
38941.1764706
40540.5405405
291666.666667
277777.777778
187500.0
4000.0
212121.212121
23076.9230769
9230.76923077
31428.5714286
68181.8181818
266666.666667
137931.034483
55555.5555556
10526.3157895
196153.846154
65517.2413793
1190.47619048
83333.3333333
38461.5384615
15230.7058824
120000.0
34146.3414634
161290.322581
52289.1176471
45238.0952381
27777.7777778
40476.1904762
1200000.0
83333.3333333
166666.666667
769230.769231
30952.3809524
4000.0
13888.8888889
715000.0
88888.8888889
300000.0
577777.777778
566037.735849
43750.0
853658.536585
2314.81481481
428571.428571
7142.85714286
7575.75757576
11904.7619048
83333.3333333
35714.2857143
53965.68
54166.6666667
10526.3157895
43243.2432432
35016.0833333
2500000.0
15468.75
85714.2857143
2666.66666667
156862.745098
134116.111111
29250.0
3308.82352941
2142.85714286
333333.333333
60606.0606061
1346150.76923
32500.0
1800.0
105263.157895
102040.816327
181818.181818
295454.545455
5000.0
40000.0
87500.0
8333.33333333
56409.0909091
1333.33333333
735294.117647
13040.5405405
14285.7142857
10483.8709677
51724.137931
500000.0
4800.0
136363.636364
250000.0
8695.65217391
472222.222222
5882.35294118
103448.275862
15384.6153846
806.451612903
200000.0
35294.1176471
7333.33333333
3888.88888889
44230.7692308
9090.54545455
3500000.0
423076.923077
141304.347826
14583.3333333
35164.0
57559.4375
8695.65217391
25641.025641
262500.0
250000.0
144444.444444
136842.105263
1470.58823529
64583.3333333
27380.952381
8333.33333333
921052.631579
50000.0
2040.81632653
59523.8095238
39473.6842105
112000.0
500000.0
52173.9130435
568181.818182
180000.0
45454.5454545
23518.5185185
90909.0909091
469696.969697
183333.333333
176470.588235
24489.755102
15384.6153846
324000.0
34482.7586207
1315.78947368
10000.0
69444.4444444
19615.3846154
250000.0
46153.8461538
100000.0
50000.0
735294.117647
119047.619048
620000.0
735.294117647
127777.777778
300000.0
15769.2307692
20000.0
31578.9473684
299055.833333
64285.7142857
104545.454545
260869.565217
66250.0
25490.1960784
35483.8709677
228571.428571
454545.454545
324000.0
24285.7142857
5000.0
390909.090909
154761.904762
14285.7142857
38461.5384615
312500.0
240000.0
388888.888889
13043.4782609
20000.0
27027.027027
233333.333333
43478.2608696
1333.33333333
71428.5714286
166666.666667
19230.7692308
7297.2972973
450000.0
322580.645161
150000.0
615384.615385
4493.10344828
2407.40740741
625000.0
58823.5294118
166666.666667
600000.0
1053846.15385
41402.6944444
38095.2380952
34482.7586207
431818.181818
10000.0
10526.3157895
45454.5454545
197368.421053
3125.0
2173.91304348
7187.5
5000.0
27777.7777778
4680.85106383
25000.0
38461.5384615
90909.0909091
99444.4444444
7407.40740741
372222.222222
9090.90909091
37837.8378378
9090.90909091
12500.0
104545.454545
58823.5294118
104761.904762
1041.66666667
2727.27272727
289189.189189
10142.8571429
909090.909091
1960.78431373
17777.7555556
21852.9411765
88235.2941176
18750.0
280000.0
40848.4848485
48076.9230769
157142.857143
126582.278481
197058.823529
17500.0
13636.3636364
555.555555556
60526.3157895
45454.5454545
9406.18918919
142857.142857
9136.36363636
225806.451613
9090.90909091
166666.666667
79422.3125
714285.714286
175000.0
50000.0
30093.7
43589.7435897
7500.0
31250.0
3181.81818182
1785.71428571
132000.0
15625.0
5555.55555556
217391.304348
16875.0
165000.0
395833.333333
277777.777778
25000.0
1292.96551724
450000.0
8200.0
584615.384615
40269.6486486
11111.1111111
5833.33333333
88148.1481481
11363.6363636
714285.714286
243902.439024
150000.0
26041.6666667
62500.0
25000.0
27272.7272727
35714.2857143
83333.3333333
46875.0
291259.090909
806.451612903
3409.09090909
600000.0
375000.0
65217.3913043
66666.6666667
14545.4545455
140000.0
44117.6470588
29166.6666667
100000.0
45200.0
59021.7391304
57142.8571429
83333.3333333
20272.7272727
250000.0
3928.57142857
177777.777778
10769.2307692
20974.7777778
1290.32258065
125000.0
2000.0
34000.0
30000.0
95238.0952381
8571.42857143
29545.4545455
21739.1304348
5555.55555556
5555.55555556
343750.0
29166.6666667
5714.28571429
21600.0
540540.540541
375000.0
27450.9803922
350000.0
179430.625
87500.0
1010000.0
4545.45454545
7142.85714286
16315.7894737
100000.0
190476.190476
1500000.0
15000.0
19736.8421053
3000.0
454545.454545
93750.0
5625.0
31250.0
705882.352941
50000.0
12500.0
40416.6666667
45454.5454545
454545.454545
153846.153846
181818.181818
108809.571429
1522727.27273
2105.26315789
517241.37931
295454.545455
13157.8947368
8769.23076923
20000.0
12352.8823529
64705.8823529
666.666666667
51666.6666667
5769.23076923
4545.45454545
166666.666667
1666.66666667
259259.259259
240000.0
242857.142857
71428.5714286
2105.26315789
1000000.0
6666.66666667
110000.0
22727.2727273
552631.578947
150000.0
81818.1818182
14117.6470588
16666.6666667
165111.111111
13636.3636364
142857.142857
30952.3809524
18173.0769231
2941.17647059
29411.7647059
259259.259259
240740.740741
2222.22222222
58336.0
6518.98734177
58823.5294118
6423.07692308
309090.909091
282608.695652
67857.1428571
192982.45614
22840.9090909
62500.0
20000.0
400000.0
105263.157895
9433.96226415
63076.9230769
250000.0
2857.14285714
444444.444444
72916.6666667
2777.77777778
125000.0
26315.7894737
676470.588235
8695.65217391
437500.0
55555.5555556
416666.666667
185714.285714
47619.047619
35714.2857143
63157.8947368
44160.59375
46875.0
470588.235294
30125.0
65363.4090909
50000.0
35714.2857143
73529.4117647
65000.0
5555.55555556
18750.0
2000.0
75581.372093
439999.88
7500.0
7500.0
833333.333333
66666.6666667
138888.888889
78125.0
24242.4242424
45454.5454545
176470.588235
344827.586207
224000.0
80000.0
83333.3333333
2000.0
6250.0
103448.275862
24561.4035088
1000000.0
139130.434783
86956.5217391
21250.0
100000.0
10714.2857143
222222.222222
3076.92307692
368421.052632
326923.076923
131707.317073
600000.0
23928.5714286
46875.0
56818.1818182
12500.0
32661.0434783
140625.0
166666.666667
125000.0
79545.4545455
8333.33333333
263157.894737
24989.16
411764.705882
137931.034483
2500000.0
110344.827586
82692.3076923
11428.5714286
1442.30769231
5000.0
83333.3333333
325000.0
30769.2307692
85937.5
806.451612903
19230.7692308
47619.047619
68965.5172414
90163.9344262
38372.0930233
312500.0
40625.0
66666.6666667
115384.615385
5000.0
3190.62222222
51724.137931
46333.3333333
100000.0
7096.77419355
12037.037037
41935.483871
150000.0
2631.57894737
122727.272727
96153.8461538
45833.3333333
14166.6666667
12890.1714286
55555.5555556
2750.0
44444.4444444
83333.3333333
518518.518519
16666.6666667
76470.5882353
263157.894737
62629.3888889
5555.55555556
344474.375
1818.18181818
5333.33333333
55172.4137931
1116666.66667
20000.0
166666.666667
141666.666667
41176.4705882
220588.235294
94444.4444444
205555.555556
10937.5
1379.31034483
26041.6666667
64102.5641026
94339.6226415
58333.3333333
225000.0
1547.61904762
357142.857143
1121212.12121
40000.0
30125.0
38461.5384615
121212.121212
3409.09090909
163636.363636
1050000.0
625000.0
153846.153846
47619.047619
157894.736842
103448.275862
15909.0909091
5000.0
54166.6666667
10000.0
50000.0
66213.0
41666.6666667
157894.736842
485714.285714
1395.34883721
50000.0
200000.0
106818.181818
68965.5172414
32608.6956522
293092.8125
1315.78947368
1333.33333333
46153.8461538
12500.0
111111.111111
18823.5294118
87719.2982456
5000.0
18750.0
56164.3835616
5000000.0
10869.5652174
117570.636364
310000.0
214285.714286
2873563.21839
6241.37931034
65217.3913043
100000.0
241379.310345
25000.0
79846.1538462
1081081.08108
51948.0519481
200000.0
221739.130435
1785.71428571
138888.888889
66666.6666667
300000.0
17944.76
44736.8421053
46428.5714286
2500.0
39393.9393939
24285.7142857
385714.285714
204347.826087
66666.6666667
13235.2941176
56521.7391304
30000.0
71428.5714286
41444.4444444
88235.2941176
220000.0
10000.0
203030.30303
6896.55172414
454545.454545
34285.7142857
15625.0
18750.0
71428.5714286
32258.0645161
4062.5
222222.222222
391304.347826
833333.333333
437500.0
833333.333333
68750.0
11764.7058824
94827.5862069
23076.9230769
78571.4285714
170714.285714
625000.0
4545454.54545
312500.0
216666.666667
7500.0
32786.8852459
7999.96
19421.7142857
30000.0
25000.0
42857.1428571
200000.0
109459.555556
425922.222222
371428.571429
6666.66666667
14285.7142857
16666.6666667
377777.777778
666666.666667
160869.565217
1785.71428571
65217.3913043
41269.8412698
86206.8965517
90909.0909091
277777.777778
1050000.0
71428.5714286
504347.826087
18181.8181818
111111.111111
12500.0
152941.176471
241600.0
2500.0
312500.0
52083.3333333
192307.692308
312500.0
121153.846154
1304.34782609
765.0
326923.076923
36775.8823529
3846.15384615
1433333.33333
470588.235294
84666.6666667
151041.666667
63157.8947368
29411.7647059
147058.823529
8083.5
108333.333333
57142.8571429
17240.6206897
4000.0
107142.857143
750000.0
5000.0
25000.0
8333.33333333
1333.33333333
563157.894737
50000.0
5000.0
666666.666667
1714.28571429
1363.63636364
25000.0
29852.0983607
22727.2727273
465000.0
136842.105263
6410.23076923
2272.72727273
136363.636364
263157.894737
34303.8333333
47894.5
52190.4761905
785714.285714
67741.9354839
10869.5652174
68181.8181818
3947.36842105
166666.666667
13333.3333333
66666.6666667
90909.0909091
92105.2631579
50000.0
2000.0
9166.66666667
761904.761905
16666.6666667
18750.0
12692.3076923
55555.5555556
375000.0
56331.1111111
105263.157895
157575.757576
100000.0
18235.2941176
10526.3157895
130434.782609
56521.7391304
186.428571429
625000.0
50000.0
39473.6842105
259259.259259
81250.0
35087.7192982
53750.0
50000.0
1100000.0
54054.0540541
14705.8823529
76470.5882353
2083.33333333
8571.42857143
689.655172414
68750.0
1500000.0
3076.92307692
31176.4705882
27777.7777778
4629.62962963
2083.33333333
101111.111111
250000.0
750000.0
7407.40740741
12500.0
425000.0
385714.285714
575757.575758
534883.72093
54166.6666667
78431.372549
5500.0
1000000.0
25000.0
34374.96875
157894.736842
25000.0
62500.0
83333.3333333
11666.6666667
230434.782609
63461.5384615
3750.0
58684.5588235
111111.111111
470000.0
115384.615385
161290.322581
477272.727273
125000.0
2142.85714286
200000.0
800000.0
781.25
1333.33333333
114285.714286
93750.0
27272.7272727
3859.64912281
6071.42857143
18181.8181818
750000.0
13888.8888889
-10000.0
384615.384615
44000.0
81250.0
6730.76923077
54166.6666667
606.060606061
39090.9090909
586206.896552
38461.5384615
19230.7692308
22727.2727273
115384.615385
2857.14285714
15625.0
297297.297297
3593.75
75000.0
2500.0
200000.0
357142.857143
128205.128205
92857.1428571
78787.8787879
793103.448276
260869.565217
263157.894737
125000.0
130769.230769
255555.555556
31250.0
416666.666667
92913.7
107142.857143
173076.923077
36666.6666667
174000.0
76923.0769231
130434.782609
53571.4285714
20833.3333333
115789.473684
133333.333333
77777.7777778
47666.6666667
95238.0952381
14818.1363636
153846.153846
576923.076923
17906.9767442
1340000.0
625000.0
28666.6666667
40826.6666667
75000.0
4411764.70588
12987.012987
16250.0
132352.941176
600000.0
7407.40740741
50000.0
181818.181818
6666.66666667
10000.0
75000.0
61538.4615385
6521.73913043
85714.2857143
62500.0
80000.0
346153.846154
250000.0
352941.176471
46496.6666667
14714.2857143
5681.81818182
53899.8541667
27400.0
3461.53846154
611111.111111
15000.0
218571.428571
7142.85714286
140000.0
781.25
31578.9473684
3750.0
6744.18604651
133333.333333
50000.0
207407.407407
159090.909091
681818.181818
56666.6666667
27027.027027
60000.0
2857.14285714
217391.304348
346153.846154
66666.6666667
28750.0
286666.666667
15000.0
33333.3333333
9402.32653061
19861.1111111
155000.0
51612.9032258
107142.857143
95833.3333333
22727.2727273
1000.0
150000.0
89062.5
25000.0
40277.7777778
100000.0
68587.8181818
267857.142857
39285.7142857
28437.5
52631.5789474
85714.2857143
22222.2222222
73076.9230769
260000.0
14423.0769231
100000.0
125000.0
80000.0
150000.0
56756.7567568
30000.0
55555.5555556
95385.1851852
17708.3333333
30769.2307692
31914.893617
2857.14285714
22727.2727273
521739.130435
50769.2307692
1250.0
70000.0
38461.5384615
15000.0
85714.2857143
16666.6666667
166666.666667
5454.54545455
70833.3333333
22727.2727273
11363.6363636
135593.220339
3500.0
250000.0
80000.0
107464.144928
111111.111111
15384.6153846
31250.0
210000.0
23809.5238095
25000.0
600000.0
48333.3333333
56451.6129032
1200000.0
666.666666667
882352.941176
61111.1111111
120000.0
5555.55555556
272727.272727
20400.0
1363636.36364
7500000.0
41666.6666667
232857.142857
63043.4782609
7894.73684211
321428.571429
15937.5
127774.88
7142.85714286
65000.0
50000.0
15878.0487805
1000000.0
10000000.0
250000.0
144000.0
257142.857143
376688.65
760000.0
7500.0
32000.0
2352.94117647
50000.0
666666.666667
4499.9
42307.6923077
2352.94117647
7894.73684211
18000.0
38888.8888889
16666.6666667
2166666.66667
15000.0
50000.0
11124.6521739
5000.0
70552.6206897
53571.4285714
3125.0
104000.0
362500.0
423076.923077
45454.5454545
35660.65
83.3333333333
306060.606061
166666.666667
133333.333333
100000.0
166666.666667
666666.666667
1388888.88889
4000.0
126666.666667
10714.2857143
38695.6086957
500000.0
100000.0
555555.555556
2083.33333333
125000.0
8333.33333333
85185.1851852
8510.63829787
145454.545455
1733333.33333
21428.5714286
50000.0
140000.0
14705.8823529
3000000.0
2500.0
2272727.27273
1111111.11111
606060.606061
500000.0
2222.22222222
157894.736842
90000.0
159090.909091
39473.6842105
28571.4285714
600000.0
62500.0
16406.25
147960.714286
5555.55555556
2666.66666667
5000.0
85000.0
68181.8181818
464285.714286
70000.0
61538.4615385
266666.666667
96428.5714286
10638.2978723
2537.31343284
1818.18181818
1016666.66667
17647.0588235
166666.666667
33333.3333333
1111111.11111
166666.666667
3333.33333333
150000.0
66666.6666667
250000.0
33333.3333333
16923.0769231
125000.0
207692.307692
11739.8
477272.727273
35714.2857143
88235.2941176
666666.666667
769230.769231
833.333333333
116666.666667
461538.461538
57894.7368421
6944.44444444
80000.0
3125.0
3000.0
20714.2857143
34210.5263158
8928.57142857
105882.352941
208333.333333
150000.0
41666.6666667
15714.2857143
9259.25925926
26016.6666667
5000000.0
8064.51612903
2500.0
50000.0
41733.3333333
45454.5454545
19021.7391304
19166.6666667
83333.3333333
23698.3214286
358333.333333
150000.0
95238.0952381
32258.0645161
18227.6923077
57894.7368421
124999.916667
16666.6666667
57863.2666667
3333.33333333
285714.285714
50000.0
1111.11111111
8333.33333333
4000.0
12500.0
190476.190476
36387.6923077
233333.333333
33333.3333333
29629.6296296
2777.77777778
41666.6666667
288888.888889
51851.8518519
42500.0
8750.0
27777.7777778
82352.9411765
166666.666667
125000.0
79166.6666667
1858.72727273
7878.78787879
138461.538462
1714.28571429
42000.0
2777.77777778
175000.0
18292.6829268
6363.63636364
2222.22222222
164473.684211
240000.0
368421.052632
1810000.0
30888.8888889
28571.4285714
31250.0
125000.0
263157.894737
140000.0
4312500.0
302083.333333
3846.15384615
76923.0769231
8333.33333333
8300.0
428571.428571
151351.351351
59999.8888889
410473.25
217741.935484
6250.0
27173.9130435
69444.4444444
10744.6808511
300000.0
466666.666667
206666.666667
12222.2222222
1111.11111111
12500.0
307692.307692
25342.4657534
5084.74576271
50000.0
100000.0
1315.78947368
166666.666667
34821.4285714
7375.0
7142.85714286
2777.77777778
2500.0
38461.5384615
19375.0
1381578.94737
28571.4285714
740740.740741
83333.3333333
68850.75
13875.0
8333.33333333
543.47826087
40476.1904762
320.0
46428.5714286
100000.0
7692.30769231
15000.0
80000.0
84722.2222222
122222.222222
20000.0
18750.0
533333.333333
2941.17647059
75000.0
12000.0
40000.0
50000.0
7352.94117647
4545.45454545
12500.0
141303.846154
288461.538462
125000.0
50000.0
5806.4516129
76923.0769231
43916.6666667
875000.0
55000.0
866.666666667
13884.7826087
75000.0
85000.0
11111.1111111
50000.0
800.0
1250000.0
59523.8095238
90909.0909091
10000.0
37037.037037
19210.5263158
8571.42857143
600000.0
1671.42857143
2083.33333333
750000.0
16666.6666667
13970.5882353
714285.714286
4000.0
125000.0
260000.0
12500.0
123076.923077
14074.0740741
17638.8888889
117647.058824
5000000.0
11000.0
36363.6363636
21739.1304348
10000.0
45454.5454545
21428.5714286
33333.3333333
98039.2156863
70000.0
90063.7948718
62500.0
22823.04
-20833.3333333
182500.0
12500.0
10526.3157895
77777.7777778
64333.3333333
9615.38461538
2083.33333333
8928.57142857
113888.888889
85714.2857143
30000.0
186148.5
71428.5714286
500000.0
5000.0
285714.285714
459090.909091
4250000.0
53846.1538462
2666.66666667
2380.95238095
125000.0
152173.913043
195714.285714
14090.9090909
79245.2830189
100000.0
50000.0
285714.285714
3333.33333333
153846.153846
116666.666667
288888.888889
31166.6666667
147058.823529
6250.0
14473.6842105
100000.0
68181.8181818
18269.2307692
20000.0
171428.571429
30000.0
34375.0
63333.3333333
239130.434783
75714.2857143
150000.0
45000.0
25000.0
166666.666667
29090.9090909
588235.294118
50000.0
40000.0
5000.0
2000.0
34883.7209302
666666.666667
90909.0909091
60000.0
94444.4444444
400000.0
19047.6190476
487.804878049
4166.66666667
37839.9333333
1000000.0
200000.0
210526.315789
59090.9090909
24000.0
5000.0
1000000.0
333333.333333
13333.3333333
194444.444444
24018.8679245
1333333.33333
500000.0
15873.015873
4347.82608696
18018.027027
171428.571429
35526.3157895
1785.71428571
94444.4444444
8333.33333333
288888.888889
11363.6363636
8333.33333333
2000.0
382352.941176
63636.3636364
227272.727273
32415.2916667
41176.4705882
1388.88888889
119047.619048
140000.0
26470.5882353
142500.0
200000.0
68750.0
2500.0
392857.142857
1187500.0
138888.888889
4166.66666667
75000.0
610000.0
20000.0
66666.6666667
961.538461538
12500.0
1052631.57895
250000.0
55555.5555556
600000.0
74074.0740741
94827.5862069
2857.14285714
750000.0
71428.5714286
65217.3913043
45454.5454545
26363.6363636
30357.1428571
262500.0
15000.0
33333.3333333
11764.7058824
16666.6666667
7500.0
12500.0
5500.0
250000.0
136363.636364
18750.0
27906.9767442
1111.11111111
72727.2727273
50000.0
9250.0
32142.8571429
5000.0
25000.0
369230.769231
2500.0
7500.0
827586.206897
29411.7647059
330000.0
9433.96226415
142857.142857
121428.571429
15714.2857143
12500.0
3333.33333333
2000000.0
1500000.0
25000.0
183333.333333
112500.0
110714.285714
32692.3076923
833.333333333
52777.7777778
134875.0
16666.6666667
642857.142857
108288.6
2142.85714286
81250.0
342857.142857
20833.3333333
70431.9166667
357142.857143
1250000.0
45833.3333333
242857.142857
457895.631579
20000.0
1666.66666667
58088.2352941
10723.5
111900.0
65217.3913043
184000.0
104166.666667
555555.555556
160000.0
187500.0
285714.285714
681875.0
42857.1428571
3225.80645161
166666.666667
31250.0
214285.714286
25000.0
416666.666667
400000.0
1612903.22581
117647.058824
55555.5555556
18750.0
111111.111111
45454.5454545
21052.6315789
4000.0
5263.15789474
13437.5
150000.0
1000000.0
18750.0
142857.142857
5000.0
1250.0
15714.2857143
7377.04918033
444444.444444
1785.71428571
1444444.44444
78947.3684211
2357142.85714
19451.5
181818.181818
300000.0
75000.0
77777.7777778
27500.0
11888.1578947
2083.33333333
121212.121212
1111.11111111
78907.5869565
1460000.0
8000.0
387500.0
691185.5
125000.0
700000.0
81250.0
93404.2619048
400000.0
47619.047619
9523.80952381
33333.3333333
47169.8113208
240000.0
312500.0
15384.6153846
166284.866667
29411.7647059
2533333.33333
179545.272727
30434.7826087
12500.0
16562.5
1300000.0
23728.8135593
8333.33333333
130000.0
600000.0
416666.666667
22079.0701754
100000.0
130434.782609
10000.0
100000.0
30434.7826087
71537.5769231
500000.0
333333.333333
20000.0
38461.5384615
10357.1428571
266666.666667
187500.0
95318.1818182
60500.0
22577.125
261000.0
33461.5384615
1190.47619048
4310.34482759
1388.88888889
73529.4117647
17368.4210526
126470.588235
340000.0
722222.222222
39375.0
857142.857143
55555.5555556
3125.0
55555.5555556
36000.0
100000.0
3846.15384615
20833.3333333
64285.7142857
103846.153846
85714.2857143
30000.0
214285.714286
12500.0
81818.1818182
47619.047619
14285.7142857
186363.636364
178571.428571
10000.0
50500.0
17857.1428571
33333.3333333
200000.0
16666.6666667
750000.0
144444.444444
14062.5
23809.5238095
90909.0909091
423076.923077
5000.0
15000.0
416666.666667
3055.55555556
7391.30434783
90909.0909091
65217.3913043
22222.2222222
100000.0
271043.0
4000.0
11250.0
51443.0
20625.0
400000.0
380952.380952
159383.545455
3448.27586207
100000.0
1200000.0
320000.0
1750000.0
3125.0
200000.0
208333.333333
4285.71428571
250000.0
158532.0
166666.666667
100000.0
71182.2647059
392857.142857
38461.5384615
137500.0
666666.666667
4166.66666667
1666666.66667
1428.57142857
57692.3076923
5555555.55556
2500.0
37500.0
20000.0
23947.3684211
62500.0
1190.47619048
555.555555556
128571.428571
63529.4117647
-148555.555556
7000.0
104285.714286
53168.5555556
133333.333333
7142.85714286
136363.636364
166666.666667
41428.5714286
928571.428571
25689.6551724
307692.307692
250000.0
332500.0
135000.0
618181.818182
3125000.0
12500.0
11484.9333333
400000.0
68421.0526316
476190.47619
200000.0
50000.0
4300000.0
